'Project Name', 60 , 108 , 0 , 0 , 20 , 0.3048 , 1 , 1
'Receptor 1', 40 , 180 , 6
'Receptor 2', 40 , 80 , 6
'Receptor 3', 40 , 40 , 6
'Receptor 4', 80 , 40 , 6
'Receptor 5', 180 , 40 , 6
'Receptor 6', 180 , -40 , 6
'Receptor 7', 80 , -40 , 6
'Receptor 8', 40 , -40 , 6
'Receptor 9', 40 , -80 , 6
'Receptor 10', 40 , -180 , 6
'Receptor 11', -40 , -180 , 6
'Receptor 12', -40 , -80 , 6
'Receptor 13', -40 , -40 , 6
'Receptor 14', -80 , -40 , 6
'Receptor 15', -180 , -40 , 6
'Receptor 16', -180 , 40 , 6
'Receptor 17', -80 , 40 , 6
'Receptor 18', -40 , 40 , 6
'Receptor 19', -40 , 80 , 6
'Receptor 20', -40 , 180 , 6
'Run Name', 20 , 1 , 0 ,'CO'
2
'SB Queue Link','AG', -18 , 0 , -18 , 3000 , 0 , 24 , 2
120 , 75 , 3 , 472 , 11.9 , 1600 , 1 , 3
2
'SB Left Queue Link','AG', 0 , 30 , 0 , 3000 , 0 , 12 , 1
120 , 105 , 3 , 83 , 11.9 , 1600 , 1 , 3
2
'WB Queue Link','AG', 30 , 18 , 3000 , 18 , 0 , 24 , 2
120 , 75 , 3 , 472 , 11.9 , 1600 , 1 , 3
2
'WB Left Queue Link','AG', 30 , 0 , 3000 , 0 , 0 , 12 , 1
120 , 105 , 3 , 83 , 11.9 , 1600 , 1 , 3
2
'NB Queue Link','AG', 18 , -30 , 18 , -3000 , 0 , 24 , 2
120 , 75 , 3 , 472 , 11.9 , 1600 , 1 , 3
2
'NB Left Queue Link','AG', 0 , -30 , 0 , -3000 , 0 , 12 , 1
120 , 105 , 3 , 83 , 11.9 , 1600 , 1 , 3
2
'EB Queue Link','AG', -30 , -18 , -3000 , -18 , 0 , 24 , 2
120 , 75 , 3 , 472 , 11.9 , 1600 , 1 , 3
2
'EB Left Queue Link','AG', -30 , 0 , -3000 , 0 , 0 , 12 , 1
120 , 105 , 3 , 83 , 11.9 , 1600 , 1 , 3
1
'SB Approach Link','AG', -18 , 0 , -18 , 3000 , 555 , 3.5 , 0 , 44
1
'SB Left Link','AG', 0 , 0 , 0 , 3000 , 83 , 5.5 , 0 , 32
1
'SB Departure Link','AG', 18 , 0 , 18 , 3000 , 555 , 12 , 0 , 44
1
'WB Approach Link','AG', 0 , 18 , 3000 , 18 , 555 , 3.5 , 0 , 44
1
'WB Left Link','AG', 0 , 0 , 3000 , 0 , 83 , 5.5 , 0 , 32
1
'WB Departure Link','AG', 0 , -18 , 3000 , -18 , 555 , 12 , 0 , 44
1
'NB Approach Link','AG', 18 , 0 , 18 , -3000 , 555 , 3.5 , 0 , 44
1
'NB Left Link','AG', 0 , 0 , 0 , -3000 , 83 , 5.5 , 0 , 32
1
'NB Departure Link','AG', -18 , 0 , -18 , -3000 , 555 , 12 , 0 , 44
1
'EB Approach Link','AG', 0 , -18 , -3000 , -18 , 555 , 3.5 , 0 , 44
1
'EB Left Link','AG', 0 , 0 , -3000 , 0 , 83 , 5.5 , 0 , 32
1
'EB Departure Link','AG', 0 , 18 , -3000 , 18 , 555 , 12 , 0 , 44
1 , 0 , 4 , 1000 , 0 ,'Y', 5 , 0 , 71
