District Three
61.67880252
56.98125853
52.50916539
48.9852725
47.46975924
43.67466695
33.79054876
31.24695678
28.40241938
25.87162259
13.8158027
13.55741313
12.96845274
12.2441179
12.12204309
11.40053529
9.88840482
10.62818313
9.288405225
8.409023877
7.806043503
6.479300315
6.237712632
5.921343478
5.620346103
5.449818299
5.295404858
4.948260715
4.757917478
4.704365482
4.703304111
4.660425985
4.61086605
4.553732645
4.495333608
4.45380665
4.416909357
4.35893892
4.303652254
4.275368985
4.249582436
26.51381459
24.92548969
23.02674383
21.61273837
21.31540463
19.98197611
17.20278899
16.15906283
15.12435151
14.04005862
11.92906577
11.42049713
11.00031618
10.47189398
9.899607006
9.37356819
8.59911863
8.225523176
7.521519428
6.994931211
6.548265904
6.08855995
5.75496046
5.363288175
5.023460526
4.759968504
4.52674747
4.24229041
4.001361836
3.864032233
3.723545571
3.592122421
3.478843037
3.375787474
3.273514765
3.173649239
3.089005278
2.934168901
2.827167699
2.772331527
2.721726835
18.37637077
17.30162073
15.98883801
15.01130142
14.8257074
13.91431112
12.11750729
11.38214236
10.66382115
9.893284012
8.703398631
8.284463071
7.970097721
7.567895128
7.153502339
6.758693006
6.196253577
5.8742751
5.342915192
4.95118134
4.619871982
4.275690801
4.035233859
3.758976546
3.516756986
3.325249288
3.157480235
2.961503877
2.79110556
2.691475457
2.578119502
2.482597157
2.3999908
2.325196886
2.25100893
2.177875171
2.116394132
2.003474756
1.925584465
1.885755446
1.848774092
15.66246574
14.75862132
13.62119425
12.78895494
12.6383374
11.86948167
10.40050214
9.7668004
9.151667568
8.487778393
7.607381552
7.221957015
6.941203807
6.580943149
6.216373673
5.865639226
5.37641287
5.071183119
4.609370688
4.26165059
3.97161723
3.664929841
3.455453961
3.217179593
3.007540487
2.840334664
2.694088434
2.527233437
2.378489016
2.291249858
2.188155394
2.104654844
2.032226649
1.967060713
1.902697506
1.838862054
1.784878989
1.686068949
1.617605709
1.582823123
1.550536766
13.96652309
13.16085027
12.13430251
11.38679021
11.25266641
10.56864701
9.263596166
8.696479806
8.150039122
7.553199182
6.834868398
6.477684334
6.222347596
5.892535632
5.55985912
5.241574408
4.800527747
4.513257433
4.092475998
3.77941572
3.518706359
3.240772464
3.053809085
2.843140615
2.65630626
2.506715902
2.376355265
2.228826972
2.096253768
2.018892891
1.921616245
1.848375826
1.783924327
1.726124934
1.669005186
1.612436287
1.564409481
1.476507047
1.415389346
1.384641877
1.356019626
12.28221364
11.55862653
10.62589655
9.952641962
9.824859908
9.220410752
8.013801358
7.518336286
7.046525972
6.52003675
5.919927156
5.608924406
5.385387817
5.092222355
4.790239826
4.513307888
4.128016463
3.871262257
3.498665388
3.231904928
3.007974207
2.767307875
2.608242706
2.429583987
2.269872358
2.142383526
2.032084772
1.906267023
1.793341868
1.72881819
1.642458458
1.58158741
1.5274524
1.479039584
1.430824103
1.38336167
1.342930297
1.268986261
1.217464077
1.191710986
1.167662458
11.38833392
10.71009828
9.834521997
9.228927571
9.11465575
8.561376714
7.505042147
7.046927646
6.611488249
6.118320442
5.563456229
5.279278868
5.071946185
4.797271767
4.523593112
4.265335395
3.904156765
3.670800467
3.309686564
3.056972774
2.844645607
2.616364228
2.467594071
2.299677587
2.149567779
2.029650921
1.925724292
1.808284835
1.702004815
1.64119943
1.558921119
1.503104465
1.451872004
1.405921436
1.359616707
1.314566588
1.27664766
1.206946489
1.157746132
1.133595082
1.110637967
10.14161898
9.558655069
8.829433266
8.298993933
8.206930961
7.7176633
6.786077997
6.376301115
5.981397962
5.544486733
5.016747282
4.776048327
4.591665258
4.353172916
4.117436835
3.88648645
3.571403166
3.365728508
3.057997062
2.828229564
2.636530091
2.427856784
2.293264056
2.141815342
2.003778499
1.895334229
1.800699616
1.694351875
1.596640812
1.541353447
1.469059147
1.419467136
1.372898382
1.331031059
1.288157369
1.247010768
1.212625085
1.149618453
1.104351157
1.082452757
1.061377887
9.235580564
8.711921171
8.07209365
7.594017545
7.514606996
7.074230766
6.235353829
5.864215795
5.504512699
5.105037586
4.591717444
4.390803102
4.225091228
4.010790257
3.80400501
3.595904587
3.318308761
3.134305959
2.856561899
2.646251238
2.470974887
2.277678455
2.154977928
2.016490433
1.888573291
1.789558537
1.702952729
1.605572434
1.514832919
1.464719015
1.39944247
1.355614747
1.313138677
1.274864033
1.235211691
1.197507564
1.166174249
1.109081086
1.067075941
1.047109454
1.027625944
8.631350642
8.147506806
7.567955525
7.127479661
7.056998087
6.649233583
5.876644409
5.530591869
5.192857312
4.818397813
4.308998933
4.13493113
3.98153425
3.783708312
3.59766516
3.404529043
3.152402538
2.984106334
2.726620745
2.528191849
2.363474223
2.178937347
2.064205821
1.934463821
1.813243725
1.720545727
1.639246414
1.548001804
1.461886878
1.415177245
1.354744103
1.314839308
1.275045059
1.239142177
1.201560756
1.166128396
1.136826693
1.083665915
1.043802273
1.025117013
1.006674642
8.316287593
7.853881659
7.309078649
6.893474007
6.828818633
6.437748187
5.708312052
5.373919951
5.044692973
4.683262349
4.164445001
4.004626726
3.857430337
3.668784145
3.496496196
3.310509898
3.072306029
2.914572579
2.667147777
2.472775868
2.312623545
2.129770682
2.019255403
1.894406533
1.776571148
1.687207982
1.608553418
1.520884823
1.437202801
1.39212637
1.334472333
1.296779338
1.258306252
1.223514357
1.186753164
1.15241194
1.124171219
1.072981819
1.034289106
1.016264791
0.998336091
8.172001938
7.723233854
7.204145884
6.802241916
6.743117253
6.361211604
5.672303887
5.342143258
5.013517011
4.65726005
4.119316455
3.966993848
3.822784472
3.63899482
3.477647903
3.293907829
3.060270343
2.908666329
2.666017878
2.471469983
2.312521109
2.129168561
2.019947674
1.896678611
1.77937606
1.690965993
1.612794554
1.526536829
1.443112695
1.398220224
1.341776491
1.304764441
1.266371817
1.231580282
1.194578665
1.160237891
1.132077806
1.081218808
1.042436551
1.024462544
1.006501327
8.18339813
7.741843625
7.245333871
6.847417637
6.794359997
6.414802019
5.766341659
5.433914389
5.098651368
4.740625256
4.173021257
4.021630463
3.877746875
3.695751789
3.543594752
3.357979527
3.119723165
2.970337422
2.725700391
2.527245762
2.36696864
2.181586102
2.071128999
1.946366607
1.826936184
1.737408846
1.657700302
1.571096006
1.485918259
1.439704867
1.384161702
1.346169376
1.306436389
1.27048437
1.232281977
1.196740885
1.167600379
1.115501056
1.074757752
1.056173782
1.0374824
8.446917843
7.996152621
7.502853965
7.092942857
7.045525607
6.659094096
6.038823975
5.698642374
5.352938224
4.98186433
4.379914743
4.223282475
4.078341039
3.892115789
3.745232366
3.554588776
3.304348528
3.149843856
2.883407066
2.677201072
2.51185335
2.322897048
2.208510763
2.077807559
1.952846707
1.859039958
1.775022302
1.685185146
1.59534792
1.545613891
1.489804404
1.450861711
1.407546847
1.368303091
1.325928339
1.286975368
1.255413694
1.199542454
1.153626511
1.133451647
1.112659262