District Five
59.72414343
54.94943737
50.21892683
46.82186257
45.35538244
41.70785852
31.80028506
29.40549595
26.74547842
24.38587091
12.63525731
12.42730617
11.90527983
11.26183497
11.22323536
10.55983382
9.079167658
9.787508221
8.607489779
7.793833787
7.238011977
5.997084585
5.776175787
5.494289619
5.216072091
5.059217483
4.919121322
4.620986044
4.440870233
4.390609665
4.379910228
4.340594944
4.295631041
4.243164745
4.194153409
4.157891587
4.124933936
4.068278906
4.018291168
3.993432824
3.971349764
26.10247038
24.50683364
22.50437432
21.05831986
20.77401321
19.4671213
16.7403491
15.71342758
14.70686237
13.6849187
11.67969391
11.19244476
10.79000762
10.29630672
9.742400398
9.226715452
8.486490837
8.1159483
7.45754993
6.926971474
6.480554818
6.012401089
5.674703434
5.291578105
4.951510485
4.684481453
4.446596884
4.171239011
3.928559019
3.785829068
3.640504948
3.508219869
3.394014059
3.290947763
3.190865519
3.093187973
3.01048501
2.849519475
2.745533722
2.692128342
2.643197769
18.1134222
17.03311517
15.65200659
14.64733014
14.47004876
13.57523279
11.81395955
11.0889579
10.38796534
9.661588294
8.539408819
8.138725043
7.836674431
7.460886001
7.059174522
6.671276429
6.130604404
5.813570686
5.317797638
4.922650157
4.591780416
4.241021113
3.99657109
3.724427117
3.481031543
3.286389352
3.114397704
2.922406616
2.749890809
2.645934495
2.530204688
2.43363726
2.350123216
2.275115496
2.202167733
2.130459264
2.070155169
1.95263636
1.876729407
1.837777521
1.801898862
15.44962901
14.54084041
13.35211883
12.49443875
12.35103046
11.59503804
10.15576016
9.530459374
8.929540226
8.303228294
7.477242518
7.10807403
6.838178379
6.501547873
6.148393715
5.803281589
5.331027703
5.031417592
4.59901251
4.248244756
3.958081746
3.645681141
3.432251737
3.196718676
2.985585571
2.815326868
2.665079148
2.500592603
2.350012484
2.258840561
2.153985729
2.069358601
1.996022066
1.930511026
1.866968063
1.804216679
1.751209215
1.648259464
1.581478784
1.547381923
1.515977701
13.77433071
12.9651157
11.89568679
11.12463245
10.99691456
10.32414876
9.04640425
8.486810437
7.952609446
7.389949158
6.717208262
6.375573257
6.130233666
5.822474204
5.499593142
5.186771014
4.760568845
4.479519307
4.086565334
3.771069624
3.510585189
3.227984695
3.037501644
2.828859444
2.640706986
2.488489047
2.354552467
2.208881271
2.074734945
1.993780095
1.895888877
1.821310797
1.756000197
1.697824744
1.641355181
1.585649479
1.538427145
1.446804582
1.387168908
1.356966109
1.329075333
12.08786314
11.36513935
10.39934068
9.705936801
9.583918069
8.989874631
7.810252061
7.321844037
6.860501215
6.365300666
5.799524454
5.502595344
5.288469628
5.016221049
4.721727829
4.450892441
4.07889027
3.829111728
3.483886457
3.2159754
2.99343803
2.750046098
2.588517806
2.412136821
2.251804518
2.122586142
2.009598634
1.885780201
1.771824601
1.704342392
1.618216223
1.556176849
1.501412633
1.452753194
1.405208029
1.358498254
1.318810729
1.241846738
1.191656433
1.166397396
1.143000011
11.18176608
10.5095012
9.610947663
8.990391915
8.882243142
8.339085124
7.305119213
6.853908715
6.427985594
5.96582961
5.446943337
5.17549609
4.976839265
4.722328381
4.456675246
4.203729353
3.855176635
3.627851306
3.295445713
3.041607796
2.830781822
2.599949068
2.448702904
2.282799189
2.132036715
2.010487742
1.903960082
1.788255784
1.680931688
1.617291976
1.535752687
1.47838711
1.426575174
1.380437623
1.334933288
1.290635503
1.253360125
1.180828791
1.132980173
1.109252668
1.086956615
9.967354717
9.385607484
8.628217621
8.083086662
7.99526561
7.515014263
6.603469603
6.200474295
5.815445753
5.404706563
4.908456697
4.679274483
4.502972515
4.281338467
4.054314066
3.828260917
3.524119767
3.32377117
3.038471674
2.808165566
2.618025328
2.407375
2.270853636
2.12126956
1.983068282
1.873360331
1.776703099
1.672118812
1.573673741
1.516075009
1.444224632
1.393133265
1.346194828
1.304310169
1.262487312
1.222152611
1.188419976
1.123043074
1.079157223
1.057671858
1.037277764
9.046576487
8.526857093
7.865446244
7.374551636
7.299363895
6.868561964
6.049341404
5.685772786
5.336324439
4.961525831
4.476420748
4.285870139
4.128266847
3.929821653
3.733186006
3.530100531
3.262914705
3.084185256
2.827400344
2.617389212
2.444211015
2.249964609
2.125983965
1.98971741
1.862165007
1.762425482
1.674376007
1.57897137
1.48791187
1.435908203
1.37117906
1.325851651
1.283215782
1.245103633
1.206682308
1.169880012
1.139229443
1.080196207
1.039662294
1.020118609
1.001365687
8.43583946
7.957156216
7.359675891
6.907653539
6.841294638
6.443351928
5.689516266
5.351541205
5.024421137
4.673515168
4.190216528
4.025711022
3.880430957
3.697668706
3.522973704
3.334830808
3.092572554
2.929357296
2.691678702
2.494097498
2.33176744
2.146958011
2.03133525
1.903961416
1.783445243
1.690321694
1.607927773
1.518758403
1.432568723
1.384230704
1.32438182
1.282947028
1.243133111
1.207492603
1.171282166
1.136801433
1.108202327
1.053371523
1.015039113
0.996791425
0.97910045
8.124703411
7.666766919
7.103875499
6.677415121
6.61658168
6.235271156
5.522834202
5.196759682
4.878536499
4.539835745
4.046185945
3.895568863
3.756417084
3.582222965
3.422271921
3.241146827
3.012209459
2.859195151
2.630835464
2.437569761
2.279864319
2.097056101
1.985728506
1.863124688
1.746082569
1.656362998
1.57675305
1.491058462
1.407356749
1.360803406
1.303671597
1.264348477
1.225915567
1.191455895
1.156155817
1.122796116
1.095257802
1.042538309
1.005366793
0.987784824
0.970610436
7.983557328
7.538048007
6.999821431
6.587512026
6.531859043
6.159661919
5.486078961
5.164555701
4.847563459
4.513563275
4.000585215
3.85748265
3.721346356
3.55163736
3.403716608
3.224776086
3.000133942
2.852987474
2.628822565
2.435579529
2.279086571
2.095896631
1.985912466
1.864765821
1.748345869
1.659628616
1.580561031
1.496204817
1.4128071
1.366528701
1.310577336
1.271844854
1.23354223
1.199132907
1.163712569
1.130393133
1.102945311
1.05063618
1.013404789
0.995873177
0.978677117
7.998072438
7.557906104
7.039227361
6.631017418
6.580900736
6.211030432
5.576100575
5.252640278
4.929851779
4.593829472
4.051729006
3.910037679
3.774335383
3.606059274
3.468477592
3.287590134
3.058458172
2.913338104
2.687193361
2.490112005
2.332090205
2.146667772
2.035435969
1.912704281
1.794225473
1.704330076
1.623754457
1.5388929
1.453765502
1.406238057
1.350902143
1.311169489
1.271606316
1.236116522
1.199585515
1.165135829
1.136767512
1.083248067
1.044235772
1.026114024
1.008242814
8.243014047
7.795460007
7.280063397
6.86095195
6.816475478
6.440431378
5.831818722
5.500994887
5.168165238
4.820363616
4.245537134
4.099463681
3.962622746
3.79062582
3.659307397
3.473180644
3.233584404
3.083364315
2.839020963
2.633947016
2.470603883
2.281095669
2.165743964
2.037120972
1.913170988
1.8189954
1.734109825
1.645925854
1.556223791
1.505307506
1.449301234
1.408127863
1.365212909
1.326651545
1.286418544
1.248827131
1.218167769
1.160986366
1.117281555
1.097679076
1.077916823