District Two
61.25091856
56.53344547
52.00319198
48.50691444
47.0047972
43.24496816
33.34915893
30.83970358
28.03740378
25.54628247
13.55648114
13.31669034
12.74322909
12.03818017
11.93588496
11.22769622
9.722584691
10.45550081
9.156676276
8.291637457
7.698818072
6.390151863
6.152881922
5.844717624
5.547553667
5.379963368
5.228704071
4.894770199
4.705532053
4.652766468
4.648771162
4.606787945
4.558423195
4.502539083
4.446655591
4.406493214
4.370596438
4.312990149
4.259146774
4.231753715
4.206951228
26.41696241
24.82771004
22.90661726
21.48459718
21.19147232
19.86478152
17.09695783
16.05706072
15.02866461
13.95984626
11.8734295
11.37129607
10.9553579
10.43567217
9.867832434
9.34409708
8.577671283
8.204722077
7.513151173
6.98540634
6.538912316
6.077090017
5.742335005
5.353012863
5.012583455
4.748200311
4.51377901
4.232022441
3.990248774
3.851615015
3.709853797
3.578293176
3.464782513
3.361742328
3.260049902
3.160736807
3.076546102
2.920280281
2.813988744
2.759537708
2.709352427
18.31220933
17.23684698
15.90983679
14.92568918
14.74289976
13.83582539
12.04686026
11.31401181
10.59960123
9.840098732
8.666147753
8.252222568
7.940732602
7.545241469
7.133952477
6.740657361
6.183347408
5.862450684
5.340816374
4.948122741
4.617056026
4.271264656
4.029731924
3.754655571
3.51181641
3.319539446
3.150691533
2.955972672
2.784788403
2.684099668
2.570178875
2.47443807
2.391610939
2.316770609
2.24290268
2.170120525
2.108911761
1.994902563
1.917471971
1.877876595
1.841174661
15.60942913
14.70507509
13.55762829
12.71927742
12.57106348
11.80572494
10.34327585
9.71161704
9.099732763
8.44531909
7.577776307
7.19660747
6.918414372
6.564191323
6.202440765
5.852924938
5.367683998
5.063691159
4.609918629
4.261344284
3.971400442
3.663335839
3.452820984
3.215351081
3.005079701
2.837132312
2.689884731
2.523813978
2.374429694
2.286225746
2.182729518
2.098980051
2.026330891
1.961078082
1.896924958
1.833360781
1.779599366
1.679809657
1.611725998
1.577136356
1.545069594
13.91816091
13.11227697
12.07771308
11.32458971
11.19266833
10.51166349
9.212677728
8.647432473
8.103808978
7.515618573
6.808126217
6.454966304
6.201986346
5.877830078
5.547579155
5.230490074
4.792946335
4.507060973
4.093886006
3.780129385
3.519597887
3.240542863
3.05264862
2.842580013
2.655202256
2.50496868
2.373705457
2.22681542
2.093694638
2.015441269
1.91809423
1.844524605
1.779862135
1.721965237
1.665005635
1.608647645
1.560792191
1.472009878
1.411231773
1.380626694
1.35218406
12.23299359
11.51049767
10.57205367
9.893978253
9.76816811
9.166532106
7.965974283
7.472259588
7.002865706
6.484322682
5.892416833
5.585106762
5.363785329
5.076003261
4.77588507
4.500327268
4.118196842
3.863006205
3.497864177
3.230735807
3.007252436
2.765922105
2.606185117
2.428173529
2.268097795
2.140185265
2.029202957
1.904032893
1.790695052
1.725430447
1.639218162
1.578067652
1.52377189
1.475291233
1.427235806
1.379954086
1.339694018
1.265030076
1.213807637
1.188176682
1.164287687
11.33543912
10.65949724
9.780849412
9.171777048
9.05956581
8.509048241
7.457734209
7.00134882
6.568084711
6.082841462
5.536619505
5.255823719
5.050544644
4.781063226
4.509387552
4.252331914
3.894174077
3.662179745
3.30891979
3.055837019
2.843996379
2.615089514
2.465656463
2.2983058
2.147841479
2.027520041
1.922929166
1.80605477
1.699368089
1.637863051
1.55587205
1.499655809
1.448282368
1.402273817
1.356169233
1.311299847
1.273521941
1.203140876
1.154260282
1.130221183
1.107423575
10.09956225
9.517449494
8.783105815
8.249108566
8.158525983
7.671648473
6.744470922
6.3363231
5.943654837
5.513295293
4.993035533
4.755537018
4.573026331
4.338814759
4.105201039
3.875321535
3.562827578
3.358333688
3.056664284
2.826656195
2.635402773
2.426192235
2.29104594
2.140080739
2.001798565
1.893029283
1.797859862
1.692062535
1.594001943
1.538145742
1.466031331
1.416059641
1.369390046
1.327514519
1.284911046
1.243955067
1.209710243
1.14614362
1.101196017
1.07939936
1.058493946
9.191049666
8.668832327
8.025333773
7.544089979
7.466130801
7.028244229
6.193673809
5.824303581
5.466915305
5.073560319
4.566898705
4.368993885
4.205153622
3.994863279
3.790519294
3.583509296
3.308362236
3.125539194
2.853416433
2.643054799
2.468323878
2.274719567
2.151604996
2.013669799
1.885607033
1.786386882
1.699386017
1.602579684
1.511588906
1.460996529
1.395925159
1.35170764
1.309180701
1.270947699
1.231605677
1.194122152
1.162939641
1.105376501
1.063730981
1.043866014
1.024562069
8.586111955
8.103941263
7.521500292
7.078127079
7.009036755
6.603800976
5.835287463
5.491092054
5.155732735
4.787072276
4.283780553
4.112602087
3.961076229
3.767030035
3.583717871
3.391651583
3.141843406
2.97466626
2.722471338
2.524120908
2.359988754
2.1752727
2.060216893
1.931046498
1.809750493
1.716916943
1.635302302
1.544644318
1.458316773
1.411199024
1.350967212
1.310662526
1.270857465
1.235006167
1.197775038
1.162573245
1.133432305
1.079871528
1.040387528
1.021793816
1.003540766
8.272803441
7.81184009
7.263957182
6.845575553
6.782221067
6.393638791
5.667847001
5.335352352
5.008590126
4.652697637
4.139736734
3.982757347
3.83740114
3.652364419
3.483026919
3.29807987
3.062043655
2.905339028
2.662984294
2.468730414
2.309173337
2.126190614
2.015360706
1.891042388
1.773130983
1.683651924
1.604711822
1.517592329
1.433706322
1.388262219
1.330785997
1.292663001
1.254199104
1.219478767
1.183087809
1.148987001
1.120907102
1.069347735
1.03102461
1.013101796
0.995362442
8.130019686
7.682314172
7.159766095
6.755184939
6.697241257
6.317793368
5.632129286
5.303926121
4.977894227
4.627024305
4.094856436
3.945402469
3.803042819
3.622742054
3.464595657
3.281874344
3.050334285
2.899688499
2.661919636
2.46753918
2.30917507
2.125702253
2.016176452
1.893387211
1.776028469
1.687502278
1.609054976
1.52331857
1.439699325
1.39445951
1.338180639
1.300718506
1.262335023
1.227625038
1.191033864
1.156943479
1.128934033
1.077735095
1.039332273
1.02145973
1.003677859
8.142887524
7.701855402
7.201015103
6.800412594
6.748405609
6.37128547
5.725616974
5.395206773
5.062748429
4.709988742
4.148249951
3.999877749
3.857853391
3.6792266
3.530549665
3.345902623
3.109763377
2.961295277
2.721537514
2.523240058
2.363477594
2.177903983
2.067131363
1.942808299
1.823331437
1.733667688
1.653683002
1.567553406
1.482178718
1.435638429
1.380175783
1.341713433
1.302019461
1.266179066
1.22839704
1.193126355
1.164146607
1.111717228
1.071393511
1.0529109
1.03441885
8.401581629
7.951859206
7.454330482
7.041983852
6.99562723
6.61182325
5.993914492
5.655850255
5.313020938
4.947542553
4.351837923
4.198433896
4.055311992
3.87259454
3.729410911
3.539685274
3.291922083
3.138324701
2.8777774
2.671658124
2.506755023
2.31747713
2.202725229
2.072471047
1.94747355
1.85353015
1.769236102
1.679836602
1.589810979
1.539790696
1.483937574
1.44440474
1.401188902
1.36209684
1.320272482
1.281660051
1.250299086
1.194117708
1.148751403
1.128708031
1.10816488