District Six
60.06489187
55.30967788
50.63593984
47.21809927
45.74406901
42.0728199
32.18321845
29.7641668
27.07451073
24.68311957
12.89201456
12.67656
12.14234029
11.48352317
11.42893101
10.75463077
9.269397544
9.981497276
8.768295983
7.943083613
7.378596645
6.122641013
5.897525105
5.608103673
5.325101871
5.165406752
5.022127016
4.712285237
4.530093143
4.479253983
4.471382583
4.431415493
4.385415541
4.331944716
4.280681695
4.243264651
4.209439965
4.152530968
4.101327415
4.075633174
4.052665333
26.18197871
24.58719035
22.60498715
21.16535016
20.8783367
19.56712053
16.83379168
15.80485436
14.79457135
13.76034812
11.73665164
11.24616491
10.84058697
10.3398507
9.782847202
9.265421566
8.519065383
8.147895682
7.479326496
6.949873425
6.503292499
6.036649611
5.699935817
5.314570352
4.974762039
4.708502456
4.471716337
4.194022676
3.951821077
3.810388835
3.666543891
3.534545859
3.420597233
3.317598454
3.217085862
3.119025416
3.035998545
2.876452061
2.771933244
2.718224848
2.668941392
18.16375798
17.08397346
15.71589892
14.71653474
14.53744977
13.63992036
11.87411213
11.14790146
10.44479781
9.709853771
8.575612605
8.172166713
7.867922305
7.486882724
7.083059159
6.694078126
6.149557156
5.831671224
5.327944223
4.933775961
4.602762409
4.253264615
4.009759792
3.736504592
3.493527616
3.299583665
3.128599503
2.935566912
2.763594285
2.660677269
2.545749986
2.449500863
2.366224778
2.291315402
2.218137549
2.146187325
2.085720712
1.969261064
1.893022166
1.853888345
1.817787848
15.48994493
14.58167541
13.40237784
12.54970928
12.40469762
11.64649458
10.2033902
9.57724186
8.974623137
8.341045614
7.505237188
7.133631561
6.861807558
6.520500091
6.165408537
5.819468725
5.344239944
5.043702618
4.60474864
4.254874829
3.964710754
3.653419123
3.440907821
3.204600264
2.993938276
2.824350542
2.675043521
2.509921441
2.359796735
2.269562494
2.165315431
2.081017102
2.007918931
1.942536845
1.878863644
1.815950769
1.762791195
1.660811003
1.593748838
1.559520285
1.527934634
13.81067646
13.00167797
11.94007122
11.17352771
11.04440762
10.3697323
9.088455603
8.527985759
7.99235697
7.423065668
6.741947887
6.397928142
6.150802732
5.838648503
5.514103001
5.20043591
4.771621078
4.489516768
4.090337075
3.775577461
3.515014099
3.233305951
3.043643273
2.834430991
2.646680945
2.495025465
2.361930927
2.215742044
2.081987997
2.001889537
1.904273948
1.830084873
1.7650131
1.706966785
1.650397046
1.594570247
1.547236159
1.456483403
1.396616398
1.366302294
1.338270455
12.12556894
11.40226124
10.44237989
9.752796483
9.629445747
9.033604772
7.850362228
7.361119067
6.898569903
6.397191348
5.825001901
5.525899876
5.310079706
5.033617985
4.737881196
4.466023173
4.091649518
3.840637788
3.489248428
3.221775077
2.998899218
2.756012355
2.595075462
2.418066595
2.257977992
2.129122654
2.016788028
1.892433675
1.77873488
1.711958228
1.625889062
1.564209121
1.509613899
1.461053703
1.413398341
1.366577539
1.326788709
1.25052433
1.200122982
1.174762714
1.151244454
11.22284788
10.5488951
9.654246753
9.036499584
8.92693967
8.381954257
7.345010378
6.892924573
6.465945287
5.997573929
5.471876451
5.198466841
4.998227417
4.739614115
4.472568693
4.218740672
3.867878207
3.639470726
3.300531979
3.047112861
2.835919345
2.60556324
2.454899154
2.288429327
2.137911053
2.016696036
1.910792126
1.794605211
1.687541481
1.624576535
1.542954069
1.486048049
1.434395214
1.388336977
1.342672467
1.29825388
1.260897132
1.189015635
1.140936045
1.117127594
1.094700646
10.00087219
9.418607074
8.666402328
8.124100788
8.035297592
7.553470477
6.639259863
6.235389717
5.84914578
5.433264159
4.93110511
4.70014123
4.522387674
4.297383031
4.068837317
3.841983309
3.535873188
3.334573987
3.044232944
2.81422702
2.623730013
2.413477756
2.277419394
2.127341732
1.989265062
1.879831694
1.783658712
1.678607313
1.58034503
1.52330069
1.451434037
1.400802508
1.353973255
1.312118203
1.270054981
1.229589506
1.195765806
1.130928761
1.086792071
1.065235961
1.044711133
9.083138451
8.562430962
7.905034199
7.416587318
7.340448377
6.907950388
6.086014736
5.72139222
5.37061805
4.990948352
4.500575362
4.308424001
4.149360274
3.947744731
3.749308378
3.545372884
3.276298517
3.096619214
2.835123279
2.625233232
2.451598491
2.257551002
2.133913916
1.997084829
1.869547365
1.769952844
1.682268054
1.586342988
1.495387996
1.443838505
1.379067862
1.334220323
1.291643866
1.253511193
1.214789495
1.17782646
1.147074898
1.088481623
1.047676904
1.028052547
1.009149058
8.473698498
7.993837692
7.399740175
6.949924713
6.882644217
6.482956645
5.726486373
5.387347403
5.058792001
4.703245896
4.215080436
4.049124882
3.902374441
3.716612592
3.539857428
3.350874808
3.106808324
2.942674101
2.70055523
2.502985474
2.340149333
2.155409364
2.040050671
1.912084984
1.791504149
1.698475717
1.616366902
1.52666463
1.440520656
1.392586684
1.332669973
1.291735177
1.251940547
1.216259652
1.17969886
1.145047554
1.116327496
1.061876579
1.023253381
1.004920145
0.987076635
8.161619506
7.70267464
7.14326633
6.718872929
6.657198192
6.274152642
5.559362478
5.232083618
4.912335606
4.569155507
4.070869531
3.918842856
3.778241229
3.601168136
3.43896702
3.257032982
3.02638795
2.872505046
2.639875605
2.446571782
2.288370559
2.105582424
1.994509383
1.871344613
1.754218075
1.664573983
1.585209244
1.499019571
1.415344886
1.369155346
1.311969158
1.273176039
1.234742448
1.200212394
1.164551914
1.131001672
1.103342598
1.050972972
1.013500714
0.995834221
0.978502409
8.019502417
7.573274272
7.038790603
6.628467905
6.572043911
6.198122005
5.522456667
5.199669463
4.881031921
4.542673465
4.025140187
3.880618335
3.743032632
3.570534926
3.420144551
3.240415541
3.014125916
2.866151397
2.637857126
2.444546359
2.287557901
2.104388881
1.994649349
1.87299258
1.756458398
1.667816983
1.588984838
1.504131545
1.42077189
1.374827232
1.318824175
1.280661701
1.242338658
1.207848859
1.172028155
1.138508334
1.110929684
1.058960427
1.021418453
1.003806312
0.98645282
8.032976015
7.592481303
7.078194709
6.671991548
6.62122363
6.249638818
5.612917915
5.288133583
4.963569648
4.623290135
4.076584804
3.933384616
3.79623363
3.625259353
3.484998321
3.303352638
3.072563541
2.926665762
2.696392453
2.499243866
2.340796454
2.155465687
2.044488999
1.921277628
1.802674856
1.712875496
1.632525733
1.547234332
1.462126478
1.414932474
1.359618984
1.320456376
1.280872795
1.245282629
1.208311171
1.173650983
1.14514196
1.091952388
1.052589452
1.034377242
1.016335623
8.28147356
7.8332297
7.322254721
6.904958948
6.859831736
6.481942991
5.871879537
5.539731587
5.205137012
4.852868886
4.273158006
4.125466041
3.987236401
3.812501274
3.678343711
3.491559299
3.250046179
3.099078768
2.849816364
2.644785684
2.481097517
2.291821222
2.176804802
2.047702317
1.923638752
1.829569355
1.744919923
1.656323352
1.566642144
1.516019115
1.46014922
1.419715977
1.37670059
1.337978855
1.297175127
1.259303197
1.22847307
1.171591606
1.127396129
1.10769316
1.087690492