District Seven
60.00538281
55.23803351
50.54057413
47.12709741
45.65696868
41.99305153
32.08571306
29.67178457
26.9889488
24.60758128
12.81998506
12.61509206
12.08413373
11.43085961
11.38213064
10.71109237
9.226351708
9.937497701
8.741838176
7.919146646
7.356502538
6.103217541
5.87886394
5.592537976
5.309232078
5.150199499
5.007854037
4.705297641
4.52207859
4.471442596
4.461299006
4.421616397
4.376210765
4.323343649
4.273441521
4.236667946
4.203298781
4.146582736
4.096133386
4.070933698
4.048449369
26.15644937
24.56193357
22.57400031
21.1317527
20.84694312
19.53753918
16.80444991
15.77551829
14.76544689
13.73677836
11.71892652
11.23126102
10.82661076
10.32929774
9.773539131
9.256481376
8.512315479
8.141251326
7.479109769
6.948851611
6.502487389
6.035060219
5.69761477
5.313685749
4.972951749
4.706271705
4.468846228
4.192944535
3.949912316
3.807854481
3.663138242
3.531068752
3.417002194
3.313975114
3.213722936
3.11585458
3.032970561
2.872805128
2.768518356
2.714992235
2.665890938
18.14468653
17.06538844
15.69439717
14.69302644
14.51554329
13.61932148
11.8538359
11.12772907
10.42473286
9.693780317
8.563655199
8.161941422
7.85836339
7.479947876
7.076988394
6.688183139
6.145074632
5.827374002
5.328733074
4.933899521
4.603145803
4.253048677
4.008944232
3.736461667
3.492802827
3.298510488
3.126971887
2.934833176
2.762208433
2.658783173
2.54346337
2.447103169
2.363708361
2.288740302
2.215702546
2.143863612
2.083448925
1.966529863
1.890412425
1.851400034
1.815410854
15.47315551
14.56537602
13.38486663
12.53049207
12.3868824
11.6297851
10.18709847
9.561032221
8.958540395
8.328417175
7.496039058
7.125722852
6.854521213
6.515584554
6.161344586
5.815506767
5.341357648
5.041031947
4.606270931
4.255828399
3.965831992
3.654055678
3.441002664
3.205252985
2.9939771
2.824068787
2.67426565
2.509744397
2.359119283
2.268418432
2.163912594
2.079483192
2.006265994
1.940804835
1.877201713
1.814360028
1.761251882
1.658842179
1.591881162
1.5577338
1.526239181
13.79483506
12.9866275
11.92441068
11.15626111
11.02844238
10.35477196
9.073929973
8.513642894
7.978129135
7.4120389
6.733957739
6.391126415
6.144591429
5.834696815
5.510890584
5.197363659
4.769517357
4.487682923
4.09248355
3.777253978
3.516887075
3.234801505
3.044645594
2.835857892
2.647593344
2.495665781
2.362124479
2.216444948
2.082255865
2.001721858
1.904074407
1.82969421
1.764503271
1.706377655
1.64985796
1.594071941
1.546769184
1.455626609
1.395840606
1.365587402
1.33762646
12.10895525
11.3866389
10.42684919
9.736000663
9.613870906
9.018974023
7.836254718
7.347183521
6.884718489
6.38635946
5.816554544
5.518589576
5.303309079
5.029035998
4.733847608
4.462248348
4.088762264
3.838099409
3.490619462
3.222804742
3.000234912
2.757118912
2.59580814
2.419222043
2.258708013
2.129679716
2.016988199
1.893098931
1.779052153
1.711910549
1.625940994
1.564069801
1.509395473
1.46076576
1.413150433
1.366380416
1.326612641
1.2500385
1.199707922
1.174398527
1.150941034
11.20365089
10.53139187
9.637836188
9.019284585
8.910985695
8.36699464
7.330452587
6.878589191
6.451624098
5.986359469
5.463275733
5.190922868
4.991201794
4.734746897
4.468329333
4.214709158
3.864753442
3.636654151
3.301894304
3.048153055
2.837284847
2.606708458
2.455679866
2.289581701
2.138657518
2.017289174
1.911037592
1.795280588
1.687866294
1.624557203
1.543116981
1.485959674
1.434227523
1.388109827
1.342525545
1.298167552
1.260821736
1.188640445
1.140661594
1.116893781
1.094527518
9.988799151
9.407227622
8.654715099
8.111369685
8.023487754
7.542443288
6.628483393
6.224745324
5.838575291
5.425078385
4.925061527
4.695254048
4.517928793
4.294600567
4.066672374
3.839965588
3.534581312
3.333519534
3.04631623
2.816007252
2.625754894
2.415251192
2.278847742
2.129050088
1.990607152
1.881019651
1.784558787
1.679890505
1.58129621
1.523967867
1.452208439
1.401325597
1.354436938
1.312552254
1.270619149
1.230214266
1.196401351
1.131324543
1.08729837
1.065772864
1.04529847
9.071347182
8.551422506
7.893959339
7.404558578
7.329280354
6.897555298
6.075880215
5.711409236
5.360728838
4.983233552
4.494691513
4.303756294
4.145109897
3.945030867
3.747311343
3.543532625
3.275133915
3.095691286
2.837052646
2.626928922
2.453548812
2.259279259
2.135336799
1.998776708
1.870892854
1.771193649
1.683260883
1.587721239
1.496452967
1.444669722
1.380002769
1.334883872
1.292267869
1.254135679
1.215574169
1.178681684
1.147950737
1.089157619
1.048483521
1.028899596
1.010056499
8.462596069
7.983498845
7.389404486
6.938665435
6.872206505
6.473271201
5.717030908
5.378033411
5.049611725
4.696069042
4.209524084
4.044814464
3.898470979
3.714125368
3.538186631
3.349330406
3.105909496
2.941991519
2.70251923
2.504745705
2.342153723
2.1572212
2.041566858
1.913869696
1.792952166
1.699829009
1.617501862
1.528166745
1.441728768
1.393581099
1.333775322
1.292549234
1.252735047
1.21705448
1.180683939
1.146113032
1.117433685
1.062812953
1.024320222
1.006027367
0.988253265
8.151966266
7.693624784
7.133990403
6.70869351
6.647759167
6.265436628
5.550765207
5.223627781
4.904023378
4.562706267
4.065910574
3.91516917
3.774964146
3.599216877
3.43789226
3.256064239
3.026014205
2.872327399
2.64221423
2.448706279
2.290718974
2.107717987
1.99635881
1.873422012
1.755958468
1.666229431
1.586656337
1.500795367
1.416825817
1.370442778
1.313354951
1.274250476
1.235807415
1.201297681
1.165827474
1.132377615
1.104749065
1.052219619
1.014887797
0.997257759
0.980000259
8.01124685
7.565402674
7.030442624
6.619196448
6.56347315
6.190243608
5.51458679
5.191941019
4.873497005
4.536880754
4.020747197
3.877560742
3.740371342
3.569119083
3.419684856
3.240041794
3.014307111
2.866508104
2.640609871
2.447094676
2.290309912
2.106897331
1.996861659
1.875392246
1.758521019
1.669774345
1.590743685
1.506210576
1.422545178
1.37640727
1.320500526
1.281996717
1.243683954
1.209214563
1.173614074
1.140184584
1.112636409
1.060517447
1.023125763
1.005544129
0.988263839
8.026128686
7.585767577
7.070555115
6.663368156
6.613231257
6.242308617
5.605485069
5.280842636
4.956502239
4.617864633
4.072518488
3.930733119
3.793937824
3.624139084
3.484893794
3.303303689
3.073059289
2.927306642
2.699419128
2.502035473
2.343731971
2.15809735
2.046804016
1.923739815
1.804799799
1.714885012
1.634326461
1.54929729
1.463882569
1.416505589
1.361215465
1.321721469
1.282138144
1.246568256
1.209837182
1.175277206
1.146808775
1.093479262
1.054276869
1.036105044
1.018143586
8.272868768
7.824979851
7.313109542
6.894901014
6.850423905
6.473267398
5.862971675
5.530945637
5.19651447
4.845987082
4.267735214
4.121488157
3.983554094
3.810004329
3.676932432
3.490102934
3.249254545
3.098402224
2.852065721
2.646729639
2.483115137
2.293454758
2.178081665
2.049115831
1.924684919
1.830490128
1.745621582
1.657269409
1.56727026
1.516484372
1.460555074
1.41968026
1.376715216
1.338053833
1.297560527
1.259828885
1.229049373
1.172027971
1.128092982
1.108430404
1.08854797