District Four
60.12790786
55.40438988
50.78484389
47.36292974
45.87989671
42.19678077
32.36095482
29.93559652
27.23727361
24.82643677
13.04753971
12.80430642
12.26411131
11.59362659
11.52640212
10.84609806
9.361242754
10.07308776
8.817557003
7.98883944
7.421720402
6.163344702
5.936987986
5.64018226
5.359131957
5.198157351
5.052824007
4.724087359
4.54531486
4.494116717
4.492427773
4.451845107
4.404362156
4.349391403
4.294545342
4.255576564
4.220556793
4.163194109
4.110124758
4.083147624
4.05886844
26.23565317
24.63924356
22.66751243
21.23411163
20.94118184
19.62593815
16.89600009
15.86825095
14.85882775
13.8119651
11.77743231
11.28068023
10.87292426
10.36442247
9.804751857
9.286888941
8.53624165
8.164860852
7.479895198
6.952622401
6.505398529
6.040522524
5.705666304
5.316469408
4.979330997
4.71409875
4.478919645
4.196433008
3.956520406
3.816679009
3.67520833
3.543394278
3.429729099
3.32683538
3.225681892
3.127205476
3.043900197
2.885860966
2.780905732
2.726710839
2.676961932
18.20580854
17.12396254
15.76022651
14.76538147
14.58208802
13.68154225
11.91737022
11.19175171
10.48952463
9.745239023
8.603007327
8.195734483
7.890225446
7.503017053
7.097453723
6.708429211
6.161103413
5.842995274
5.326282737
4.933902905
4.602154967
4.254007526
4.012032484
3.736694274
3.495674134
3.302555707
3.132967124
2.937544999
2.767305722
2.665674358
2.551855575
2.455882337
2.372911996
2.298159437
2.224690926
2.152496676
2.091924866
1.976603313
1.900150311
1.860742129
1.824337867
15.52796391
14.61742213
13.43835193
12.58959914
12.44068131
11.68006632
10.23801153
9.61202662
9.010050382
8.368500071
7.525837963
7.151594568
6.878594899
6.531647251
6.174804254
5.828951426
5.351665839
5.050844506
4.601216718
4.252919869
3.962237435
3.652029725
3.440914834
3.203057368
2.994087477
2.825281286
2.677255113
2.510466941
2.361699126
2.272637388
2.169119111
2.08516772
2.012386187
1.947191322
1.883377815
1.820321737
1.767107993
1.666156275
1.59894091
1.564498949
1.53269026
13.84665802
13.03528603
11.97240242
11.20947513
11.07664959
10.39956447
9.119105311
8.558629998
8.023556503
7.446802591
6.759470991
6.41298721
6.164732046
5.847201305
5.52111889
5.207413865
4.776696431
4.494174088
4.084844603
3.771427621
3.510279205
3.229422797
3.04099012
2.830607582
2.644342596
2.493311341
2.361340861
2.213761807
2.081157646
2.002139511
1.904657142
1.830966095
1.766211705
1.708393326
1.65173327
1.595824059
1.548476745
1.458652698
1.398673231
1.368226478
1.340032342
12.16437551
11.43779075
10.47512862
9.788370306
9.661675451
9.063625489
7.880795353
7.39146769
6.929453583
6.420958626
5.843761784
5.542287728
5.325371532
5.043695995
4.746845306
4.474612415
4.098428153
3.846841552
3.48544549
3.218947875
2.995258086
2.752857811
2.592893322
2.414779271
2.255887014
2.127457856
2.016019025
1.890369129
1.777638294
1.711790478
1.625487465
1.564305928
1.509968466
1.461596592
1.413810854
1.366938046
1.327116247
1.251630892
1.201097345
1.175624838
1.151954511
11.26860433
10.58987176
9.690178762
9.074033148
8.96100806
8.41364549
7.377107265
6.924817005
6.498444347
6.022710135
5.491358855
5.215689363
5.014435857
4.750610638
4.482223321
4.228122888
3.875351161
3.646381411
3.296737795
3.044246586
2.832190417
2.602304476
2.452584553
2.285102296
2.135721995
2.014884839
1.90983798
1.792482524
1.686353427
1.624276395
1.542179099
1.485961944
1.434537088
1.38862746
1.342752534
1.298272181
1.260892784
1.189740507
1.141498761
1.117598272
1.09501962
10.02720878
9.442765622
8.689577273
8.149608303
8.058212371
7.574597606
6.661096417
6.257282163
5.871496396
5.450076451
4.943448243
4.709865849
4.531290918
4.302316496
4.072510698
3.845536661
3.537979267
3.336300362
3.037967784
2.808852365
2.61771393
2.408095103
2.272942838
2.122127546
1.985140308
1.876065756
1.780621206
1.674522255
1.577189509
1.520872445
1.448704813
1.398792419
1.352131528
1.31036528
1.267971446
1.227394602
1.193548802
1.129331103
1.084982649
1.063354936
1.042668614
9.108004878
8.58498629
7.926295613
7.440030137
7.361487378
6.927243187
6.105909007
5.741322028
5.390926421
5.006251409
4.512121462
4.317132766
4.157278537
3.95206466
3.75211942
3.548084926
3.277624576
3.097566731
2.82879101
2.619672664
2.445417148
2.251945251
2.129125378
1.991590573
1.865083199
1.765768165
1.678712572
1.58178405
1.491691514
1.440769009
1.375706807
1.331628728
1.289150686
1.251056999
1.211914729
1.174810448
1.144016824
1.085922903
1.044846705
1.025150818
1.006076102
8.496299725
8.014236907
7.418874171
6.971139766
6.901616275
6.500242009
5.744404689
5.405311887
5.077065333
4.716945401
4.225535213
4.056593368
3.909083486
3.720003907
3.541580668
3.352500047
3.107148506
2.942656858
2.693819179
2.496942343
2.333536021
2.149362945
2.034781983
1.906162634
1.786572326
1.693794209
1.612245213
1.521584525
1.436285504
1.388898304
1.328707458
1.288592275
1.248856361
1.213174387
1.176133
1.141310534
1.112548679
1.058517175
1.019582425
1.001177928
0.983152291
8.180135271
7.719478483
7.159464635
6.737191649
6.673433997
6.288792762
5.574846989
5.247644398
4.928175653
4.580793625
4.079594521
3.924442004
3.783131964
3.602982078
3.438973904
3.25700238
3.025172928
2.870983687
2.631986446
2.439386567
2.280675573
2.098526326
1.98824165
1.86453474
1.748409272
1.659015936
1.580181655
1.493109345
1.41029184
1.364598771
1.307174942
1.269261571
1.230866915
1.196305967
1.160094737
1.126363448
1.09865272
1.046652614
1.008868934
0.991133299
0.973618476
8.034004919
7.586615252
7.052236005
6.644133797
6.585766912
6.210329751
5.535700561
5.212999193
4.894571739
4.552333053
4.032137799
3.8843407
3.746087249
3.570693497
3.418346718
3.238631339
3.011247838
2.863017691
2.628656669
2.436070773
2.27865322
2.096213688
1.987283426
1.865186083
1.749673479
1.6612833
1.582982093
1.497322512
1.414822022
1.369363536
1.313148442
1.275916043
1.2376218
1.20308129
1.166669728
1.132948946
1.105318783
1.053709087
1.015845796
0.998167746
0.980628378
8.043408856
7.602430705
7.089408129
6.685584031
6.633054134
6.260024063
5.624560045
5.299922186
4.975498454
4.631640989
4.082464803
3.935809971
3.798032212
3.624412799
3.48204592
3.300524928
3.068692444
2.922580259
2.686340529
2.48998764
2.331272172
2.146832048
2.036725064
1.91316434
1.795633745
1.706146182
1.626357869
1.540354548
1.456158858
1.409420335
1.354053009
1.31586049
1.276265686
1.240604811
1.203012516
1.168141393
1.139571008
1.086740911
1.046976788
1.028713684
1.010471084
8.296036568
7.846747235
7.33694476
6.921897032
6.874977334
6.495443586
5.886898845
5.554956943
5.220732628
4.864687077
4.282316224
4.131110184
3.992475088
3.815075358
3.678712572
3.492333096
3.249557446
3.098476228
2.841827199
2.637812968
2.474017051
2.285852553
2.17185662
2.042444441
1.919483602
1.825766696
1.74171921
1.652495492
1.563729176
1.513520874
1.457834949
1.418612025
1.375515383
1.336632881
1.294988204
1.256805384
1.225873702
1.169321773
1.124514941
1.104710991
1.084437437