District One
61.09267664
56.36747217
51.8145969
48.32872342
46.8316534
43.08471802
33.18444334
30.68752365
27.90083705
25.42448078
13.45936088
13.22642024
12.65858215
11.96076422
11.86579909
11.16265437
9.660091445
10.39031668
9.106922255
8.247280576
7.658261625
6.356400563
6.120734314
5.815690157
5.51993628
5.353447649
5.203396325
4.874439367
4.6856331
4.633145025
4.628023427
4.586362117
4.538473541
4.483046358
4.428123537
4.38847266
4.352953844
4.295493304
4.242177097
4.215134419
4.190693979
26.38111074
24.79144692
22.86183389
21.43681006
21.14518737
19.82110979
17.05750989
16.01892148
14.99283324
13.9297428
11.85265362
11.35283305
10.93841091
10.42203829
9.855883494
9.333003173
8.569589272
8.196894151
7.509979586
6.981806716
6.535371097
6.072758872
5.737543425
5.349129901
5.008456963
4.743731032
4.508857599
4.228117584
3.98603726
3.846890518
3.704641778
3.573022025
3.459442385
3.356402652
3.254920343
3.155818215
3.071808806
2.914993173
2.808972485
2.75466257
2.704638063
18.28850149
17.21283428
15.88041339
14.89386128
14.71207376
13.80660766
12.0205559
11.28851368
10.5755066
9.820200585
8.652196023
8.240117995
7.929697875
7.536734936
7.126594265
6.733868393
6.178485506
5.857997616
5.340032481
4.946956325
4.615984322
4.269583926
4.027646941
3.753022111
3.509936719
3.317363904
3.148120393
2.95386495
2.782395047
2.681298877
2.567150987
2.471330912
2.388424242
2.313554341
2.239806595
2.167165
2.106056952
1.991638044
1.914387954
1.874883199
1.83828181
15.58976795
14.68520954
13.53395425
12.69330007
12.5459876
11.78185488
10.3219166
9.691002632
9.080291303
8.429429806
7.566680501
7.187097752
6.909852367
6.55789555
6.197201998
5.848132664
5.36438752
5.060871422
4.61012647
4.261227646
3.971317604
3.662741331
3.451820764
3.214669788
3.004151504
2.835917308
2.68829269
2.52252583
2.372890696
2.284321036
2.180663521
2.096824385
2.024095793
1.95880317
1.894720154
1.83126637
1.777585595
1.677426066
1.609492867
1.574963677
1.542977327
13.90022648
13.09433959
12.05656817
11.30133975
11.17021931
10.49032011
9.193673635
8.629102892
8.086502179
7.501562038
6.798100457
6.446445724
6.194342264
5.872301163
5.542956478
5.226313279
4.790094235
4.504734226
4.09441601
3.780404067
3.51993558
3.240457508
3.052216717
2.84237564
2.654780323
2.504309508
2.372698779
2.226047879
2.092723077
2.014135215
1.916749745
1.843060365
1.778318243
1.720381556
1.663481936
1.607204427
1.559419464
1.470297096
1.409649446
1.379094817
1.350722488
12.21487554
11.49267567
10.55192647
9.872146948
9.747046769
9.146435616
7.948126444
7.455045191
6.986523179
6.470960224
5.882123149
5.576167524
5.355681835
5.069904702
4.770481754
4.495439268
4.11448329
3.859887252
3.497561054
3.230296954
3.006976252
2.765402158
2.605418119
2.427643126
2.26742966
2.139349467
2.028109465
1.903181909
1.789688246
1.724149482
1.637994249
1.576723907
1.522368477
1.473858001
1.425872697
1.378661267
1.338451602
1.263517694
1.212415653
1.186834974
1.163006223
11.31583024
10.64078508
9.760852617
9.150497393
9.039046753
8.489533608
7.440076757
6.984314536
6.551842536
6.06955856
5.526575027
5.247023108
5.042499158
4.77498222
4.504051488
4.247430557
3.890406485
3.658926631
3.308632131
3.05541322
2.843745022
2.614613762
2.464913313
2.29778868
2.147176125
2.026717044
1.921878109
1.805209137
1.698375137
1.636596389
1.554708557
1.498342488
1.446909343
1.400880956
1.354856405
1.31005727
1.27232984
1.201698821
1.152938478
1.128929586
1.106202322
10.08406725
9.502181107
8.76585257
8.230532385
8.140489972
7.654495777
6.728945169
6.321370127
5.929523844
5.501622279
4.984159924
4.747844874
4.566029187
4.333421543
4.100602343
3.871116793
3.559586437
3.35553638
3.056161775
2.826057348
2.634965876
2.425570138
2.290206214
2.139436082
2.001035644
1.892148437
1.796790957
1.69119105
1.593001977
1.536922296
1.464878364
1.414756798
1.368057379
1.326172115
1.283668619
1.242792857
1.208598448
1.144821797
1.099994519
1.078238029
1.0573929
9.174580146
8.652860506
8.007917364
7.525510625
7.448071619
7.011098163
6.178124234
5.809387175
5.452840389
5.061782626
4.557608388
4.360807162
4.197671146
3.988864288
3.785454575
3.578848265
3.304624532
3.122225253
2.852226502
2.641848399
2.467329625
2.273599598
2.150327317
2.012606807
1.884475746
1.785187369
1.698028374
1.60144069
1.510350802
1.459585213
1.394592359
1.350224927
1.30767816
1.269455315
1.230233435
1.192830104
1.161697861
1.103964754
1.062459569
1.042624848
1.023391063
8.569387906
8.087804688
7.504188851
7.05975299
6.991172825
6.586860462
5.819852938
5.476330156
5.141842327
4.775348961
4.274343943
4.104228846
3.953396753
3.760764226
3.578476046
3.386813475
3.137868364
2.971104738
2.720903876
2.522576365
2.358676304
2.173894554
2.058710938
1.929754672
1.808420322
1.715538354
1.633805539
1.543367262
1.456960105
1.409689311
1.349534554
1.309069909
1.269265035
1.233433895
1.196332935
1.161221213
1.132140533
1.078419923
1.039076124
1.020532548
1.002349759
8.256735018
7.796257941
7.247131086
6.82774695
6.764862479
6.377192948
5.652746977
5.320934898
4.995074631
4.641258245
4.130483601
3.974547645
3.829885241
3.646191912
3.477958366
3.293404582
3.058171419
2.901850051
2.661399045
2.467197954
2.307862858
2.124833947
2.013886115
1.889761806
1.771831993
1.682294522
1.603255944
1.516337221
1.432381084
1.386793981
1.32938359
1.29110049
1.252636763
1.217936569
1.181695822
1.147685185
1.119655511
1.067966227
1.029783407
1.011900574
0.994228486
8.114495562
7.667156507
7.14324427
6.737660667
6.680157346
6.301602055
5.617132671
5.289642107
4.964572202
4.615708456
4.085686562
3.937305727
3.795619674
3.616632339
3.459689703
3.277341456
3.046584273
2.89630154
2.660376153
2.466058578
2.307906345
2.12438711
2.014743255
1.89213773
1.77476037
1.686185711
1.607639963
1.522095113
1.438405309
1.393022612
1.336818468
1.299176183
1.26080287
1.22612303
1.189691973
1.155681732
1.127732505
1.076403646
1.038151007
1.020318666
1.002606908
8.127916996
7.687042031
7.184507552
6.782912292
6.731286013
6.355058332
5.710414361
5.380746801
5.049310083
4.69853667
4.138983191
3.991714073
3.850383148
3.673019559
3.525636387
3.341362233
3.106015745
2.957890471
2.719956285
2.521721272
2.362150568
2.176520255
2.065619447
1.941469974
1.821964402
1.732252074
1.652158817
1.566212005
1.480756084
1.434093281
1.37865351
1.340021128
1.300347336
1.264537084
1.226915187
1.191744549
1.162835148
1.110275724
1.070112208
1.051669793
1.033257866
8.384811985
7.935447878
7.436244652
7.023006224
6.977039826
6.594188354
5.977154065
5.639852567
5.298084482
4.934691859
4.341323133
4.189112252
4.04667316
3.865259123
3.723459101
3.534066366
3.287235875
3.133991202
2.875657382
2.669570638
2.504829185
2.31543429
2.20052405
2.070453334
1.945437169
1.851435096
1.767042402
1.677806787
1.587719409
1.537576652
1.481704916
1.441952075
1.398766325
1.359734457
1.318120329
1.279627987
1.248347268
1.192045983
1.146889855
1.126906712
1.106463601