District Two
61.25091856
56.53344547
52.00319198
48.50691444
47.0047972
43.24496816
33.34915893
30.83970358
28.03740378
25.54628247
13.55648114
13.31669034
12.73729566
12.03818017
11.93588496
11.22769622
9.722584691
10.45550081
9.156676276
8.291637457
7.698818072
6.390151863
6.152881922
5.844717624
5.547553667
5.379963368
5.228704071
4.894770199
4.705532053
4.652766468
4.648771162
4.606787945
4.558423195
4.502539083
4.446655591
4.406493214
4.370596438
4.312990149
4.259146774
4.231753715
4.206951228
25.38047881
23.82654694
21.97377801
20.57311979
20.26469489
18.97102822
16.20299237
15.20362364
14.21995176
13.18574187
11.06659137
10.60027352
10.20653543
9.713344029
9.178791294
8.690058797
7.970606583
7.624597502
6.963093556
6.473021728
6.056550458
5.611956779
5.304561893
4.945630262
4.63260045
4.389924913
4.17636174
3.912977101
3.691753128
3.566957669
3.436706178
3.318042117
3.215777089
3.122701751
3.030664237
2.940895963
2.864999092
2.72408109
2.628214649
2.578826236
2.533343192
16.63700848
15.62985958
14.41756086
13.47260854
13.27393976
12.42762316
10.67569123
10.01052846
9.371661377
8.671097739
7.488056329
7.131577944
6.856075363
6.50110816
6.135371003
5.795432272
5.308172034
5.024904671
4.551785178
4.218339832
3.932356605
3.620875441
3.417331156
3.18455535
2.979764348
2.817702169
2.677928621
2.508762885
2.366111244
2.284681025
2.187035994
2.109314582
2.042235469
1.981272092
1.920941325
1.861556055
1.81193297
1.71913481
1.656241647
1.623799811
1.593701273
13.48735635
12.69400887
11.70205593
10.92395981
10.77391656
10.10138101
8.761918824
8.220814493
7.711088601
7.136931147
6.346274804
6.036689943
5.802051052
5.496896101
5.176336756
4.888321043
4.480370897
4.212324662
3.819730721
3.542824396
3.302974752
3.051127683
2.876050418
2.678180124
2.503506362
2.363912996
2.244079072
2.101790833
1.979098851
1.90898339
1.82142374
1.754833012
1.697151728
1.644965435
1.593749063
1.542981386
1.500235559
1.420145865
1.366009496
1.338263192
1.312559747
11.73928122
11.04388547
10.14528166
9.501687847
9.382762574
8.811060144
7.679788948
7.21585495
6.778215205
6.283290017
5.68137861
5.413558642
5.207366067
4.938611239
4.640497306
4.38639018
4.029888812
3.793789746
3.448249751
3.201238196
2.986809551
2.770796954
2.612787774
2.433794718
2.275111487
2.148529729
2.039027389
1.91208811
1.799606761
1.735530031
1.653299059
1.59284623
1.539689691
1.492037991
1.444893456
1.398260538
1.358879284
1.285284767
1.235322271
1.210019935
1.186479799
10.66206054
10.02973771
9.213008199
8.641328473
8.536412193
8.021468322
7.020703483
6.598008356
6.196520186
5.742591196
5.190089373
4.952047832
4.763745782
4.516335311
4.255794314
4.020917046
3.700070309
3.485503294
3.164486029
2.934417244
2.736316576
2.531105294
2.387666605
2.225903448
2.080845544
1.965779576
1.866232964
1.751979193
1.649036006
1.591164463
1.514475484
1.460278605
1.412105987
1.369048215
1.326265554
1.284216484
1.248498696
1.182109045
1.136659579
1.113820033
1.092532348
10.01619478
9.415278926
8.64476369
8.116149908
8.017702045
7.536902868
6.622838282
6.225824236
5.849547403
5.416962666
4.886333679
4.668491686
4.491800017
4.257095786
4.022604019
3.801957555
3.50282355
3.301927196
2.987427777
2.768382443
2.580294726
2.380645113
2.24748047
2.097068681
1.961432459
1.854097886
1.761383128
1.655494852
1.559363503
1.505771869
1.432664376
1.383942061
1.339132122
1.298906542
1.258454975
1.219168419
1.186212961
1.12469646
1.08193902
1.060861413
1.040825293
9.259624904
8.723622775
8.06065079
7.577609302
7.494965554
7.052116609
6.214891418
5.843803402
5.485883879
5.087862891
4.560124227
4.366078194
4.202108646
3.990626338
3.784316404
3.578249605
3.303938013
3.12284824
2.8460083
2.637461155
2.461526392
2.268786085
2.14486584
2.005696757
1.877450613
1.777686214
1.690791269
1.592588227
1.501751525
1.451538045
1.385486326
1.340817442
1.298800152
1.260986882
1.222385474
1.18539144
1.154558461
1.097285057
1.056649719
1.036934101
1.017959702
8.79158545
8.288392006
7.680118686
7.225081191
7.150219434
6.732905617
5.951809912
5.598730309
5.255443014
4.876107151
4.345407339
4.171414141
4.0164381
3.817788427
3.631018968
3.435585047
3.178008342
3.011626199
2.751181423
2.550084558
2.382377852
2.193646771
2.076565562
1.94499373
1.82218427
1.727826773
1.645298298
1.552584326
1.465425654
1.417994617
1.356194407
1.314938282
1.274992749
1.238980945
1.201900092
1.166637757
1.137356182
1.083324901
1.044070665
1.025346293
1.00711294
8.427440693
7.94977509
7.384313357
6.951075295
6.882291142
6.484814664
5.747372795
5.408307878
5.076410408
4.711603463
4.178570484
4.020137403
3.872172051
3.683492434
3.511938804
3.324775074
3.080189954
2.925231419
2.677408531
2.482119873
2.320779283
2.135193549
2.023429499
1.897780798
1.779196687
1.689044521
1.60991125
1.521484635
1.437198238
1.391931148
1.333429586
1.294825726
1.256501438
1.221900823
1.185980386
1.152049318
1.12397884
1.072459283
1.034305882
1.016342527
0.998691865
8.135495069
7.684282687
7.157066412
6.743747716
6.682269519
6.301515002
5.596104091
5.269801526
4.947592351
4.595502466
4.070742657
3.922417364
3.780241154
3.59958969
3.437537304
3.256502359
3.0247387
2.873497379
2.635044976
2.444122899
2.287247097
2.106615965
1.997917379
1.875660127
1.759359783
1.671531589
1.594072271
1.508273602
1.425478194
1.381084488
1.324558454
1.287285867
1.24953236
1.215372363
1.179571685
1.146001164
1.118341458
1.067812715
1.029939847
1.012267027
0.994759903
7.896507432
7.468539073
6.973110005
6.576753442
6.521848743
6.155072281
5.475123953
5.15968201
4.845510143
4.504144241
3.988907101
3.848338341
3.710929768
3.536875015
3.381851663
3.205723579
2.985160076
2.835523942
2.60485045
2.417423586
2.264082157
2.08810323
1.981599017
1.861731189
1.747013795
1.660798832
1.584432564
1.50055713
1.418738846
1.374829619
1.31978148
1.283359872
1.245876764
1.211907209
1.176016396
1.142566377
1.115087079
1.065088846
1.027276293
1.009734011
0.992270233
7.749085825
7.337916289
6.871504504
6.486065801
6.437340599
6.080138244
5.422188662
5.113733738
4.804024619
4.469422464
3.955114152
3.819730025
3.685658854
3.516740393
3.368706263
3.195614961
2.982149192
2.832928657
2.605260587
2.419339492
2.268321595
2.095214189
1.989914475
1.871194325
1.756909889
1.671518377
1.595475657
1.512877748
1.431204878
1.387216044
1.334064513
1.297793284
1.260000249
1.22582082
1.189589556
1.155829548
1.128140529
1.078192342
1.039479493
1.021817343
1.004085644
8.003533451
7.581882504
7.11809079
6.722772368
6.679267232
6.315662247
5.680908412
5.36495159
5.04641337
4.699463023
4.150089198
4.012554648
3.877575875
3.704717347
3.563287921
3.385778447
3.164841844
3.010141949
2.761384242
2.56781154
2.411672984
2.233881444
2.124842429
2.000591469
1.880866827
1.791445865
1.711374046
1.625736496
1.539542889
1.492354125
1.439052329
1.40204077
1.361026086
1.323915112
1.283901659
1.24708008
1.217279996
1.164060235
1.120644851
1.101582001
1.081929334