District Four
60.12790786
55.40438988
50.78484389
47.36292974
45.87989671
42.19678077
32.36095482
29.93559652
27.23727361
24.82643677
13.04753971
12.80430642
12.26411131
11.59362659
11.52640212
10.84609806
9.361242754
10.07308776
8.817557003
7.98883944
7.421720402
6.163344702
5.936987986
5.64018226
5.359131957
5.198157351
5.052824007
4.724087359
4.54531486
4.494116717
4.492427773
4.451845107
4.404362156
4.349391403
4.294545342
4.255576564
4.220556793
4.163194109
4.110124758
4.083147624
4.05886844
25.18836216
23.6289743
21.72967132
20.31863183
20.01109979
18.73008227
16.00083301
15.01461295
14.05001296
13.03745768
10.9666915
10.5057549
10.12211133
9.638591348
9.111586289
8.629197546
7.925003845
7.581092873
6.926764663
6.437955591
6.021534527
5.575398189
5.268282404
4.909696023
4.600078008
4.356893571
4.142862234
3.878987814
3.659694821
3.533872161
3.40399092
3.285123516
3.182713768
3.089784904
2.998236479
2.909254776
2.834153388
2.691661881
2.596971932
2.547799346
2.502702822
16.51609942
15.50547129
14.26325002
13.30870061
13.11042752
12.27214069
10.54740301
9.890590243
9.263636377
8.577537704
7.421185019
7.070987653
6.802683413
6.454961197
6.093838404
5.75868124
5.280984257
5.001185372
4.533508267
4.20121747
3.915472364
3.603387315
3.399910778
3.167183021
2.96440122
2.801957995
2.661843846
2.492295241
2.350698181
2.268565972
2.171142897
2.093249169
2.026056906
1.965161269
1.905179828
1.846282391
1.797166253
1.703325775
1.641200169
1.60887552
1.579014658
13.39388124
12.59865084
11.58438243
10.79558219
10.64593662
9.979374911
8.664771619
8.129699124
7.628660196
7.065995294
6.294637778
5.990816567
5.761996801
5.462881039
5.145747694
4.861575334
4.461881089
4.197536029
3.80900609
3.532497565
3.292459012
3.039249992
2.864083207
2.666115684
2.492933582
2.352911532
2.232679285
2.089973738
1.968017851
1.897265179
1.809773527
1.743040993
1.68525727
1.633109008
1.582192172
1.531822632
1.489504368
1.408492883
1.355014537
1.327366057
1.301850556
11.6662759
10.96929608
10.0504795
9.397692121
9.278424829
8.710650603
7.598718063
7.139041004
6.708270323
6.222970408
5.637728389
5.374152861
5.172609011
4.90879481
4.613457467
4.362294006
4.012528721
3.779392595
3.437107266
3.190175124
2.975348952
2.757565684
2.59942837
2.420401446
2.263040894
2.136021888
2.026132429
1.898784305
1.786969573
1.722328161
1.640101985
1.579607759
1.526389242
1.478826199
1.431941255
1.385706897
1.346743855
1.272337789
1.223023773
1.197849704
1.174507977
10.58904004
9.955590548
9.12154998
8.541795808
8.436547922
7.925299632
6.941211577
6.522741995
6.127923827
5.683061148
5.145859875
4.911412728
4.727529418
4.484770686
4.227526602
3.99541385
3.680152726
3.46837929
3.150557249
2.920849159
2.722581851
2.516180917
2.37268479
2.210959161
2.067204916
1.951782241
1.851929259
1.737325407
1.635079234
1.576704654
1.500005074
1.445807091
1.397592894
1.354633764
1.312100746
1.270420629
1.23509113
1.167970115
1.123129387
1.100428367
1.079329411
9.938566219
9.337552583
8.55266657
8.016789448
7.918188781
7.441173859
6.54224603
6.149666228
5.780020332
5.356363652
4.84025589
4.625698977
4.453425751
4.22324442
3.992580727
3.774628895
3.480380607
3.282218657
2.971115225
2.752701507
2.564657937
2.3643293
2.231178313
2.080854821
1.946542759
1.838932296
1.74597192
1.639802697
1.544398692
1.490345416
1.41723155
1.368538374
1.323706949
1.283580289
1.243338338
1.204410752
1.171823851
1.109636209
1.067437706
1.046498695
1.026651474
9.177368443
8.640847574
7.963504251
7.474360392
7.391383506
6.952348023
6.129088783
5.762754973
5.411777045
5.02245556
4.50816815
4.316778221
4.157247183
3.95020789
3.748346687
3.545084841
3.275289607
3.096814565
2.823261094
2.615776681
2.440236689
2.247458697
2.123782424
1.984943544
1.858222084
1.75833249
1.671342481
1.572987841
1.483018992
1.432434796
1.366399844
1.321830202
1.279831754
1.242137537
1.203745998
1.167111175
1.136637026
1.078792576
1.038726317
1.019159727
1.000394514
8.701629573
8.198504346
7.577370965
7.117291221
7.04211674
6.628835387
5.860925595
5.512999277
5.176924543
4.806298361
4.288340497
4.116563086
3.96617582
3.771979854
3.590229366
3.397720821
3.144480558
2.980643322
2.723615371
2.523942109
2.356910583
2.168692433
2.052045677
1.920984525
1.799860286
1.705527979
1.623034809
1.530298696
1.444138145
1.396407088
1.334655978
1.293549431
1.253662808
1.217800212
1.180919105
1.14602611
1.117113503
1.062591275
1.023886318
1.005321006
0.987313895
8.331507144
7.854369234
7.27720676
6.839747557
6.770680163
6.377385236
5.652519562
5.318937014
4.994472397
4.638375624
4.117535467
3.960978388
3.817701768
3.633485972
3.467401778
3.283263512
3.042864938
2.890401462
2.646085832
2.452510946
2.292086246
2.107433505
1.996244458
1.871246858
1.754488369
1.664471774
1.585484039
1.497124955
1.413926802
1.368430348
1.309989777
1.271595571
1.233360339
1.198909019
1.163188336
1.12963659
1.101935177
1.049984841
1.012360773
0.994588598
0.977159327
8.036653846
7.586168768
7.047872129
6.630761824
6.568940792
6.192417394
5.499002288
5.178301854
4.863646175
4.520196897
4.007329713
3.860700843
3.723223379
3.547016258
3.390613275
3.212664046
2.98504676
2.836391168
2.60143624
2.412368306
2.256528901
2.076970991
1.968957767
1.847452044
1.733057611
1.645435225
1.568191807
1.482520222
1.400883361
1.356300678
1.299867113
1.262844223
1.225199908
1.191219336
1.155618423
1.122437454
1.095156818
1.044237311
1.006903889
0.98942445
0.972156761
7.795738886
7.368627477
6.862578203
6.462710224
6.407432691
6.04487739
5.376424207
5.066634114
4.760096779
4.427312395
3.923757361
3.784765291
3.652035467
3.482395285
3.333121424
3.160109484
2.943692236
2.796732035
2.569546225
2.384054201
2.231819103
2.056993979
1.951245265
1.832219489
1.719468208
1.633519274
1.557419196
1.47371065
1.393101141
1.349043401
1.294118794
1.257977014
1.220623221
1.186843184
1.151152022
1.118101538
1.091021675
1.040682695
1.003409678
0.986073756
0.968856538
7.646093992
7.235869431
6.758986447
6.370386437
6.321238768
5.968296744
5.321432553
5.018728898
4.716804884
4.390824257
3.888038737
3.754201569
3.624859225
3.460355656
3.3182713
3.148376192
2.939127191
2.792692731
2.568552378
2.384666271
2.234835065
2.062951456
1.958477567
1.840659542
1.728421588
1.643346283
1.567610046
1.485248482
1.404834607
1.360717597
1.307731397
1.271760063
1.234106272
1.200146312
1.164114802
1.130764493
1.10348472
1.053225978
1.015052573
0.997611958
0.980133826
7.893137222
7.47304889
6.998984967
6.601215669
6.55729791
6.198203007
5.573954079
5.264159463
4.953925608
4.61613834
4.078787672
3.943120203
3.813100759
3.64502745
3.510168514
3.336085578
3.119956082
2.968232551
2.72341307
2.5320258
2.377174177
2.20065619
2.092543236
1.969264386
1.851696495
1.76264192
1.682926753
1.597575185
1.512720743
1.46542415
1.412339536
1.375667945
1.334802511
1.297921016
1.258107275
1.221715308
1.19233449
1.138814069
1.09593824
1.07711493
1.057741756