District Six
60.06489187
55.30967788
50.63593984
47.21809927
45.74406901
42.0728199
32.18321845
29.7641668
27.07451073
24.68311957
12.89201456
12.67656
12.14234029
11.48352317
11.42893101
10.75463077
9.269397544
9.981497276
8.768295983
7.943083613
7.378596645
6.122641013
5.897525105
5.608103673
5.325101871
5.165406752
5.022127016
4.712285237
4.530093143
4.479253983
4.471382583
4.431415493
4.385415541
4.331944716
4.280681695
4.243264651
4.209439965
4.152530968
4.101327415
4.075633174
4.052665333
25.12156812
23.56510233
21.65692564
20.24035096
19.93863607
18.66194591
15.92980785
14.94270092
13.97734109
12.97772752
10.91639718
10.46182591
10.08046016
9.604998016
9.080520283
8.598939564
7.899186186
7.555838308
6.918306291
6.427897965
6.012630716
5.565438262
5.256834536
4.902460701
4.590513228
4.34661186
4.131273861
3.87245243
3.651121842
3.523898946
3.391774838
3.272863506
3.170290544
3.07733679
2.98650918
2.898003578
2.823230468
2.67946215
2.585258487
2.536612488
2.49201148
16.45483538
15.44877182
14.20491339
13.24654524
13.05258097
12.21781042
10.49263832
9.835662763
9.20782279
8.53144684
7.381342286
7.03489234
6.768092798
6.426750295
6.06720698
5.732623371
5.258061904
4.978965234
4.524793719
4.191465026
3.907155658
3.594639958
3.39015419
3.159999972
2.955731527
2.792892678
2.651793508
2.484984567
2.342004639
2.25884673
2.160485705
2.082515756
2.015168039
1.954245828
1.894654876
1.836091401
1.787140578
1.692472233
1.63062073
1.598630436
1.569113302
13.33554865
12.54579249
11.53489863
10.74268275
10.59694531
9.933445389
8.62019521
8.085168939
7.583298251
7.028976799
6.263131022
5.961797823
5.734313125
5.440948232
5.125266198
4.841467253
4.444480103
4.180788838
3.80335348
3.52590804
3.286968926
3.033455654
2.857362662
2.661395443
2.486941099
2.346548055
2.225414981
2.084705875
1.96170379
1.89000839
1.801978314
1.735088837
1.677128512
1.624903002
1.574216528
1.52408024
1.481876258
1.400116352
1.346851323
1.319456331
1.294203828
11.61478313
10.92327835
10.00870997
9.353477959
9.237826385
8.672642497
7.561433824
7.101732361
6.670066928
6.192460432
5.612991137
5.35156953
5.151155483
4.892667211
4.598526567
4.347661562
4.000339436
3.767811264
3.435965287
3.188130914
2.97431093
2.756235785
2.597228464
2.419732287
2.261207061
2.133883748
2.023160557
1.897482498
1.784748352
1.719216647
1.637057392
1.576205288
1.522789495
1.475098467
1.428383871
1.382292041
1.343392202
1.268277486
1.219126029
1.1941347
1.170995344
10.53962347
9.911751665
9.083163563
8.50156616
8.399783614
7.891034528
6.907505312
6.489150629
6.093686989
5.656122371
5.124297605
4.892101739
4.709255347
4.471650299
4.215790095
3.984112372
3.670971979
3.459763441
3.152068086
2.921564416
2.724291679
2.517633668
2.373335239
2.212875141
2.068034334
1.952345676
1.851717034
1.738539059
1.635415095
1.576201538
1.499866055
1.44522967
1.396827716
1.353720343
1.311337745
1.269749584
1.234473092
1.166683022
1.121994652
1.099425908
1.07848892
9.88243045
9.288278691
8.511038589
7.974039724
7.879084392
7.404868522
6.506546229
6.114320589
5.744038234
5.327945545
4.817310695
4.605113749
4.433884718
4.208905279
3.979983479
3.762434337
3.470325284
3.272815797
2.972587088
2.753485719
2.566545309
2.366016348
2.232111109
2.082980422
1.947640427
1.839822553
1.746164847
1.641284259
1.545035897
1.490214729
1.417675856
1.36838374
1.323384331
1.283169171
1.243177712
1.204351964
1.171807634
1.109030911
1.067024378
1.046187431
1.026511952
9.144525946
8.611454165
7.936804857
7.445589172
7.365306621
6.928338444
6.104960368
5.738690362
5.387254859
5.003581915
4.493493291
4.304851515
4.146171944
3.943122705
3.742901308
3.539839898
3.271591646
3.093556688
2.828134763
2.619939972
2.445201676
2.252000033
2.127557933
1.989576698
1.861836099
1.761717698
1.674089212
1.57688218
1.486044049
1.434812522
1.369138597
1.323919827
1.281803108
1.244050027
1.206018917
1.169525637
1.139093623
1.080740025
1.040885538
1.021410466
1.002816649
8.673730241
8.173456195
7.554477382
7.092346579
7.019635762
6.608260957
5.83999036
5.492117732
5.155695043
4.790134539
4.275713111
4.106893197
3.957316272
3.766738668
3.58680719
3.394457757
3.142573436
2.979124786
2.729457018
2.529131812
2.362811105
2.174137526
2.056723922
1.926428153
1.804314037
1.709762126
1.626689879
1.535007299
1.447994283
1.399696324
1.33826689
1.296430834
1.256475731
1.220594182
1.184143669
1.149411955
1.120541295
1.06557982
1.027146465
1.008672596
0.9908357
8.307454522
7.832697487
7.257251045
6.817760913
6.750957107
6.359458627
5.634059799
5.300511301
4.975777952
4.624285195
4.106489385
3.953039038
3.810551941
3.629673694
3.465547631
3.281527671
3.042334026
2.890238237
2.652701309
2.458503668
2.298719097
2.113569338
2.001642425
1.877338811
1.759589825
1.669363
1.589845516
1.502464764
1.418441749
1.372428601
1.314282247
1.275088344
1.236804536
1.202384223
1.167154153
1.133773571
1.106133984
1.053794171
1.016481658
0.998783724
0.981539562
8.015976189
7.567452995
7.030182178
6.610991593
6.551273622
6.176456158
5.482346568
5.161660048
4.846785263
4.507598097
3.997543844
3.854150758
3.717421801
3.544321295
3.389905943
3.212033806
2.98560119
2.837292019
2.608774798
2.419093092
2.263833151
2.083716963
1.974965114
1.854051521
1.738695982
1.650862934
1.57311912
1.488380259
1.405906274
1.360857193
1.304691225
1.266808506
1.22914541
1.195205635
1.160155477
1.127165572
1.099946725
1.048677739
1.011675651
0.994268276
0.97718658
7.777954588
7.352434591
6.846810931
6.444813211
6.391478708
6.030568454
5.36126963
5.05147381
4.744766023
4.415952148
3.915068988
3.779382197
3.647369989
3.480645662
3.333358474
3.160403039
2.945149812
2.798545176
2.577496252
2.391389318
2.239673534
2.064238621
1.957750642
1.839245589
1.725532743
1.639392556
1.562811637
1.479979384
1.398540684
1.354036824
1.299354432
1.262312512
1.224949956
1.191250562
1.156160281
1.123320776
1.096302326
1.045633843
1.008702175
0.991435203
0.974405892
7.63119909
7.222198033
6.744781449
6.353962346
6.306577283
5.95522034
5.307338938
5.004559301
4.702464595
4.380153301
3.879867689
3.74947513
3.620779616
3.458971012
3.318842458
3.148932859
2.940867277
2.794777458
2.576703454
2.392151429
2.242718862
2.070094547
1.964850673
1.847482305
1.734272222
1.648965169
1.57275739
1.491167873
1.409911892
1.365389339
1.31249716
1.275605706
1.23798306
1.204113851
1.168733228
1.135603757
1.10840538
1.057837139
1.020065046
1.002703345
0.985429058
7.874531364
7.456249539
6.981813177
6.582016444
6.539921362
6.182581194
5.557074246
5.247113049
4.936459354
4.602528978
4.067717748
3.935584609
3.806011172
3.640632506
3.507878828
3.333490415
3.118763949
2.967264444
2.729921272
2.537647562
2.383024
2.205534398
2.096480876
1.973611668
1.855021081
1.765684279
1.68545708
1.600792552
1.515073477
1.467411964
1.414183449
1.376341612
1.335587371
1.298886681
1.259933926
1.223873004
1.194603642
1.140813675
1.098559222
1.079836899
1.060744627