District Three
61.67880252
56.98125853
52.50916539
48.9852725
47.46975924
43.67466695
33.79054876
31.24695678
28.40241938
25.87162259
13.8158027
13.55741313
12.96845274
12.2441179
12.12204309
11.40053529
9.88840482
10.62818313
9.288405225
8.409023877
7.806043503
6.479300315
6.237712632
5.921343478
5.620346103
5.449818299
5.295404858
4.948260715
4.757917478
4.704365482
4.703304111
4.660425985
4.61086605
4.553732645
4.495333608
4.45380665
4.416909357
4.35893892
4.303652254
4.275368985
4.249582436
25.48964358
23.93514111
22.10211607
20.7086738
20.39593912
19.09473516
16.31483505
15.31103671
14.32104911
13.27126395
11.12933714
10.65658368
10.26001471
9.756394616
9.217593109
8.726167451
7.998761459
7.651685506
6.977308663
6.487772455
6.070549528
5.627131599
5.320541319
4.958949669
4.646271433
4.404186269
4.191542683
3.925227926
3.704658426
3.580996591
3.451928993
3.333302198
3.231178026
3.138047465
3.045399856
2.955069117
2.878708957
2.73903027
2.642463989
2.592690392
2.54678798
16.71858136
15.70934262
14.50696654
13.56782672
13.36605274
12.51441447
10.75314251
10.08484242
9.442214536
8.730517033
7.534322472
7.172983619
6.895343067
6.532536749
6.164146378
5.822193415
5.329713062
5.04482336
4.561468857
4.22824277
3.941286442
3.630264648
3.427295888
3.192928781
2.98842719
2.826703929
2.687628972
2.516885631
2.374769869
2.294168008
2.196957707
2.119304469
2.052345823
1.991359313
1.930678338
1.870911531
1.821016291
1.729037562
1.665714493
1.633029372
1.602651042
13.55770461
12.76096408
11.77352682
11.00134154
10.8484937
10.17174087
8.822565708
8.279118761
7.766705355
7.183302721
6.382523763
6.069142797
5.832689733
5.520771829
5.198054139
4.908470065
4.496024027
4.226310005
3.82545668
3.54895396
3.308484711
3.057264301
2.882775618
2.683710804
2.509348939
2.370117109
2.250924324
2.107551541
1.985279302
1.915908638
1.828610546
1.7621386
1.704597789
1.652428809
1.600972412
1.549923435
1.506965854
1.427605956
1.373109561
1.345180688
1.319247395
11.79795234
11.09926292
10.20387265
9.565038428
9.443799946
8.868903914
7.730325816
7.264751579
6.825125657
6.322020798
5.710761481
5.439908454
5.232273623
4.957589446
4.657720045
4.40239724
4.04209287
3.804618615
3.451502454
3.204997091
2.990070427
2.774828939
2.617390411
2.437477345
2.279097278
2.152838361
2.043948769
1.916120784
1.803996952
1.740622556
1.658311854
1.598078144
1.545052299
1.49743835
1.450093715
1.403239747
1.363667233
1.290762467
1.240470101
1.215025544
1.191295726
10.71918895
10.08337172
9.268193186
8.70051221
8.593364295
8.075397483
7.068369182
6.643974754
6.240430622
5.778785379
5.217669392
4.976755405
4.787092519
4.534024618
4.271449698
4.035339051
3.711290505
3.495430241
3.167068255
2.937347552
2.738689552
2.534032019
2.391105081
2.228574539
2.083770769
1.968988577
1.869995392
1.754973853
1.652363272
1.595142564
1.518216023
1.46426866
1.416206716
1.37319674
1.330244006
1.288014224
1.252125254
1.186365339
1.140616177
1.117654691
1.096207399
10.07929716
9.473595717
8.702148588
8.176813385
8.075962434
7.591922389
6.672116822
6.273183726
5.894850763
5.454432117
4.91539073
4.694727866
4.516675734
4.276305917
4.039381051
3.817552079
3.515437633
3.313209156
2.99083613
2.771989684
2.583205283
2.383901062
2.251199181
2.100041206
1.964609711
1.857499611
1.765279007
1.658685549
1.562860745
1.50987881
1.436393907
1.388001173
1.343291908
1.303084472
1.262412725
1.222935418
1.189838942
1.128882352
1.085815098
1.064625609
1.044419902
9.309036138
8.770731259
8.11017946
7.630616832
7.546250736
7.100642437
6.258548369
5.885632602
5.525467649
5.1209155
4.585926554
4.389010321
4.223721395
4.007465287
3.798583493
3.591425319
3.314624635
3.132384413
2.849402145
2.640935532
2.464364588
2.271901497
2.148384533
2.008582142
1.880491157
1.780911748
1.694421493
1.595577985
1.505010772
1.455286098
1.38899435
1.344665188
1.302708716
1.264873551
1.225992027
1.188787461
1.157813503
1.10102006
1.060064988
1.040237776
1.021103894
8.840319795
8.335012469
7.729009276
7.277079957
7.200636322
6.780603388
5.995070414
5.640043187
5.294350881
4.908874863
4.371576534
4.194713647
4.038399177
3.83519595
3.64555522
3.449030873
3.18913544
3.021653458
2.755507522
2.554341864
2.38594925
2.197356173
2.080599084
1.948404819
1.825680873
1.731448614
1.649245309
1.555907408
1.468959794
1.421957132
1.359931787
1.319035645
1.279120793
1.243067375
1.205666186
1.170173236
1.140740858
1.087129584
1.04752572
1.028689716
1.010286911
8.475650802
7.996022028
7.432730037
7.002309216
6.932053564
6.531878051
5.79034101
5.44923811
5.11482559
4.74414948
4.205029757
4.043736923
3.894403502
3.701351274
3.526696719
3.338423087
3.091659899
2.935651984
2.682448494
2.486961387
2.324925363
2.139348238
2.0278586
1.901588573
1.783030144
1.692973565
1.614105534
1.525062361
1.440948499
1.396059454
1.337336497
1.299122626
1.260799236
1.226126902
1.189846157
1.155684522
1.127453401
1.076303668
1.037780756
1.019715725
1.001873653
8.182471788
7.729506283
7.20469959
6.794097729
6.731268406
6.347855845
5.638659803
5.310309958
4.98549575
4.62778807
4.09718178
3.945977533
3.802433634
3.617590236
3.452367488
3.270222932
3.036311418
2.883991662
2.640389043
2.449218928
2.291648181
2.111006402
2.002542642
1.879684704
1.763390254
1.675617952
1.598394192
1.511996334
1.4293448
1.385288823
1.328554901
1.291692394
1.253909658
1.219658073
1.183467126
1.14964617
1.121825758
1.071626793
1.033384453
1.015600117
0.997900606
7.942241465
7.512720981
7.019961937
6.626251915
6.570115956
6.200721894
5.517259215
5.199750662
4.882933837
4.536151312
4.01524796
3.871790554
3.733014631
3.554918478
3.396694876
3.219458107
2.996756864
2.846012685
2.610379477
2.422675213
2.268638811
2.092669922
1.986370805
1.865933102
1.751181857
1.665012992
1.588842438
1.504385703
1.422692523
1.379090676
1.3238376
1.287846034
1.250323833
1.216242692
1.179931414
1.14621097
1.118571134
1.068882659
1.030680642
1.013026891
0.995369805
7.793668876
7.381176214
6.917994261
6.535141487
6.485315838
6.125526325
5.464343691
5.153811381
4.841407762
4.501579695
3.981736208
3.843413905
3.707975755
3.535176483
3.383872686
3.209703011
2.994060026
2.843711651
2.611094228
2.424906246
2.273243446
2.100197084
1.995092675
1.87583323
1.761505179
1.676149892
1.600283377
1.517150875
1.43560482
1.391882643
1.338610642
1.302759586
1.264897438
1.230596283
1.193924734
1.159874285
1.132024504
1.082356396
1.04321403
1.025440415
1.007499337
8.053102563
7.629487436
7.168695337
6.775611866
6.730966279
6.364573506
5.726907854
5.40878391
5.087520654
4.735014853
4.17991671
4.039243655
3.902888347
3.726059266
3.581060352
3.402552765
3.179109086
3.023271925
2.768564438
2.574775238
2.4180821
2.240471872
2.131688522
2.006878569
1.887110413
1.797736049
1.717860603
1.631705367
1.545630152
1.498687676
1.445389444
1.408928074
1.367794281
1.330491589
1.289917722
1.252755718
1.22274479
1.169784952
1.125810125
1.106605794
1.086703746