District Five
59.72414343
54.94943737
50.21892683
46.82186257
45.35538244
41.70785852
31.80028506
29.40549595
26.74547842
24.38587091
12.63525731
12.42730617
11.90527983
11.26183497
11.22323536
10.55983382
9.079167658
9.787508221
8.607489779
7.793833787
7.238011977
5.997084585
5.776175787
5.494289619
5.216072091
5.059217483
4.919121322
4.620986044
4.440870233
4.390609665
4.379910228
4.340594944
4.295631041
4.243164745
4.194153409
4.157891587
4.124933936
4.068278906
4.018291168
3.993432824
3.971349764
25.03264698
23.47623337
21.54959978
20.12720766
19.82829865
18.55643279
15.83125386
14.84656218
13.88502175
12.89778857
10.8533286
10.40189718
10.02387194
9.555504793
9.033985015
8.554463995
7.860794273
7.518393531
6.891392314
6.400389435
5.985766706
5.537824199
5.228547472
4.876694117
4.56470752
4.320306942
4.104121172
3.847835274
3.626197284
3.497837328
3.364314914
3.245226516
3.142476528
3.049505136
2.959158202
2.871055308
2.796606364
2.651608887
2.557938287
2.509605341
2.465367005
16.39059115
15.38580436
14.13211537
13.1691342
12.97707489
12.14581813
10.42638078
9.771044371
9.145265988
8.477586894
7.33728325
6.9934551
6.729030256
6.393028578
6.035257045
5.702156722
5.231563936
4.95372986
4.507943051
4.174275019
3.890730196
3.57790321
3.372892615
3.144229694
2.939833245
2.776666412
2.634909746
2.469422331
2.326119523
2.242132574
2.143098935
2.064961194
1.997475355
1.936524827
1.877224192
1.818922642
1.770164383
1.674676744
1.613157188
1.581368989
1.552083596
13.28072236
12.49334945
11.47713442
10.68010614
10.53637255
9.875573869
8.568592981
8.034783942
7.53425224
6.987107757
6.228972523
5.929696113
5.704190373
5.415461829
5.101196988
4.818536341
4.424974002
4.162560172
3.791893531
3.513954724
3.275506677
3.021535038
2.844913987
2.650061708
2.475406556
2.334692502
2.212939126
2.073125541
1.949888173
1.877445282
1.788947435
1.721849514
1.663750658
1.611456436
1.560950175
1.511005438
1.468963463
1.386474212
1.333470636
1.306227259
1.281166205
11.56822943
10.87910899
9.960462321
9.301470095
9.187391299
8.624317117
7.517811766
7.058916137
6.628177702
6.157012428
5.584869413
5.325051941
5.12625389
4.871909824
4.578923898
4.328953478
3.984574186
3.753130846
3.427570799
3.179210289
2.965799641
2.747172148
2.587664859
2.411038615
2.252351226
2.124745766
2.013440569
1.888520385
1.775584031
1.709356172
1.627081574
1.565950435
1.512385748
1.464615683
1.418051354
1.372110678
1.333342506
1.257548106
1.208637996
1.183767878
1.160779605
10.4936098
9.868284957
9.037000356
8.45231398
8.352074227
7.845372174
6.865914383
6.448474686
6.054077804
5.622640657
5.097629492
4.866936662
4.685664025
4.452052096
4.197605623
3.966880648
3.656251532
3.446106059
3.144564928
2.913683456
2.716878998
2.509846442
2.365116693
2.205414266
2.060450221
1.944528444
1.843376928
1.730854838
1.627564181
1.567715372
1.491422806
1.436487212
1.387946204
1.344769641
1.302507142
1.261040026
1.225874854
1.157475223
1.112998009
1.090530262
1.069724283
9.83147227
9.240808352
8.462745411
7.923268616
7.829985618
7.358047029
6.463483294
6.072393174
5.703187151
5.293359954
4.789406608
4.578691084
4.409025081
4.188057819
3.960898392
3.744281217
3.454532218
3.258114418
2.964509184
2.745149095
2.55879617
2.35807111
2.223773684
2.075378983
1.939965088
1.831973328
1.737842155
1.63359409
1.537195493
1.481789641
1.409434084
1.359742403
1.314633985
1.274369448
1.234568214
1.195873288
1.163430238
1.10010375
1.058328306
1.037582323
1.018047754
9.103884991
8.572470574
7.894677377
7.400793494
7.321672412
6.886610611
6.066409244
5.701233858
5.351073913
4.972633551
4.468254275
4.281103581
4.123905639
3.924197103
3.725886944
3.52367647
3.257377122
3.080292748
2.820022281
2.611687594
2.43747591
2.244126428
2.119351343
1.982003836
1.854258613
1.753995747
1.6659931
1.569363251
1.478422372
1.426696355
1.361118871
1.315470325
1.273284374
1.235541871
1.197761029
1.161418435
1.13108762
1.072264062
1.032660414
1.013266222
0.994814049
8.63309657
8.134320179
7.512367922
7.047899543
6.976240301
6.566751425
5.801395905
5.454737919
5.119760352
4.759141074
4.249927511
4.082538516
3.934472341
3.747064837
3.569294188
3.377804797
3.127729097
2.965210244
2.720333142
2.519997078
2.354253138
2.165550486
2.047883487
1.918220385
1.796171241
1.701514421
1.618157507
1.527045324
1.439978029
1.391255736
1.329917918
1.287622031
1.24762767
1.211776665
1.175636423
1.14106533
1.11231569
1.056944434
1.018791778
1.000398581
0.9827113
8.26682355
7.793454899
7.215155685
6.773558322
6.70772629
6.318112932
5.595428873
5.263184563
4.940016805
4.593243855
4.080254834
3.928214472
3.787247609
3.609409033
3.447643443
3.264493019
3.027007646
2.875810775
2.642794262
2.448695154
2.289506829
2.104427652
1.992296773
1.868624986
1.751000654
1.660718677
1.580966175
1.494158261
1.410119631
1.363732377
1.305673934
1.26600007
1.227706872
1.193337082
1.158447356
1.125257376
1.09773874
1.04503908
1.008017353
0.990408961
0.973321329
7.976118642
7.528823258
6.988550212
6.567362825
6.508515836
6.135563653
5.443957627
5.124615239
4.81136547
4.476727785
3.971289242
3.829305989
3.694086743
3.523905534
3.371919872
3.19491703
2.970172031
2.822781553
2.598613996
2.409070358
2.254406373
2.07437007
1.965443816
1.845151296
1.729940288
1.642091624
1.564152577
1.479958891
1.397497963
1.352105017
1.296033506
1.257640823
1.21998831
1.186129056
1.151469227
1.118679881
1.091581797
1.039992882
1.003301549
0.98597274
0.969053536
7.738938109
7.314506715
6.805720778
6.401776038
6.349242281
5.990177538
5.323201223
5.014758972
4.70973658
4.385311058
3.888923202
3.754655689
3.624132725
3.460217385
3.315379782
3.143302747
2.929737057
2.784070701
2.567231029
2.38128176
2.23015141
2.054785759
1.948143311
1.830228421
1.71669981
1.630554039
1.553797555
1.471512348
1.390095708
1.345298052
1.290687282
1.253115425
1.215793328
1.182184432
1.147524445
1.114895466
1.087997834
1.037049459
1.000428378
0.983244918
0.966382042
7.592892907
7.184821016
6.703832426
6.311126924
6.264432825
5.914901095
5.269151621
4.967735457
4.667356127
4.349311595
3.853400563
3.724457201
3.597240428
3.438120217
3.30050091
3.131429437
2.925090866
2.779948881
2.566073766
2.381679164
2.232781683
2.060175932
1.954787132
1.83798851
1.724972287
1.63965924
1.563295868
1.482216098
1.40099067
1.356194658
1.303310007
1.265878566
1.228306384
1.194557585
1.159627317
1.126728382
1.099670833
1.048832708
1.011421274
0.994146939
0.977054091
7.832368977
7.415458366
6.93754072
6.536118384
6.494724249
6.1393685
5.515732913
5.207155723
4.898177288
4.568713426
4.038416289
3.907841978
3.779666792
3.617036093
3.487001518
3.313341139
3.100581382
2.949999291
2.717655291
2.525448273
2.371259691
2.193668177
2.08438956
1.962089789
1.843682907
1.754329957
1.673936753
1.589754699
1.504064877
1.456160196
1.40283526
1.364293246
1.323659597
1.287139198
1.248767071
1.212996684
1.183908104
1.129868292
1.088114521
1.069502586
1.050650851