District One
61.09267664
56.36747217
51.8145969
48.32872342
46.8316534
43.08471802
33.18444334
30.68752365
27.90083705
25.42448078
13.45936088
13.22642024
12.65858215
11.96076422
11.86579909
11.16265437
9.660091445
10.39031668
9.106922255
8.247280576
7.658261625
6.356400563
6.120734314
5.815690157
5.51993628
5.353447649
5.203396325
4.874439367
4.6856331
4.633145025
4.628023427
4.586362117
4.538473541
4.483046358
4.428123537
4.38847266
4.352953844
4.295493304
4.242177097
4.215134419
4.190693979
25.34021968
23.7863803
21.9258908
20.52262727
20.21580563
18.92485146
16.16124197
15.16348265
14.18221697
13.15383447
11.043012
10.57910735
10.18849806
9.697156926
9.16419863
8.676471916
7.960002144
7.614387519
6.957709349
6.467450537
6.051247193
5.606213876
5.298497941
4.940585716
4.627413117
4.38450506
4.170599082
3.908321119
3.686851048
3.561612653
3.43092378
3.312230638
3.209916443
3.116861851
3.025054253
2.935496946
2.859781599
2.718383683
2.62277832
2.573540812
2.528218544
16.60679829
15.60044408
14.38423494
13.43717852
13.23961198
12.3952031
10.64678585
9.982739158
9.345275532
8.648868455
7.47073294
7.116042028
6.842685989
6.489299578
6.124541294
5.785361698
5.300058577
5.017389472
4.548119925
4.214592177
3.928983477
3.617323894
3.413555004
3.181370773
2.976483823
2.814275859
2.674246745
2.505674424
2.362827102
2.281079879
2.183267913
2.105506841
2.038388496
1.977425599
1.917234816
1.85799023
1.80846786
1.715359823
1.652637384
1.620276156
1.590288179
13.46138974
12.66914
11.67548091
10.89518047
10.7462384
10.07520929
8.73928897
8.19903034
7.690276538
7.119572077
6.332697738
6.024518561
5.791642533
5.487929107
5.168166174
4.880737702
4.474473224
4.207053566
3.817576797
3.540496556
3.300900405
3.048802199
2.873499101
2.676088003
2.501287333
2.361557205
2.2414765
2.099592111
1.976749357
1.906348113
1.818687323
1.752047121
1.694326241
1.642120295
1.591003962
1.540336786
1.497681611
1.41731215
1.363306089
1.335630373
1.31000734
11.71754425
11.02344556
10.12343606
9.478098086
9.360023676
8.789486947
7.660926091
7.197585631
6.760658117
6.268793829
5.67037261
5.403667519
5.198915747
4.931471732
4.634013458
4.380352213
4.025285749
3.78970225
3.447018441
3.199811933
2.985576318
2.76927094
2.61104523
2.432399708
2.273609117
2.146899862
2.037160463
1.91056014
1.797934793
1.733593358
1.651384219
1.590861606
1.537645458
1.489984142
1.442909607
1.39636695
1.357046295
1.283201884
1.233359707
1.208117718
1.184637995
10.64093954
10.00989384
9.192450187
8.619305893
8.515201227
8.001351815
7.002915508
6.580824049
6.180087597
5.729038977
5.179766286
4.94276855
4.755826373
4.509686728
4.249900996
4.015478943
3.695846211
3.481764073
3.1635125
2.933307985
2.735420094
2.529994872
2.386359249
2.224892788
2.079737226
1.964563468
1.86480928
1.750827939
1.647769035
1.58964337
1.513051432
1.458764768
1.410542504
1.367464931
1.324752275
1.282773615
1.247116242
1.180486567
1.135147481
1.112368344
1.091130888
9.992903132
9.393675189
8.623386059
8.093569474
7.995992292
7.516387371
6.604441146
6.20812977
5.832594998
5.402929458
4.875448764
4.658650693
4.483327584
4.24987465
4.016287554
3.796085563
3.498075538
3.297663591
2.986139352
2.767018009
2.579192897
2.379408822
2.246066963
2.095941077
1.960216863
1.85280441
1.759901812
1.654278953
1.558030356
1.50421511
1.431250759
1.382398655
1.337548928
1.297313532
1.256952013
1.21773571
1.18484074
1.123104348
1.080467157
1.059429771
1.039453982
9.241357798
8.706173008
8.042206749
7.557872337
7.475859121
7.03403374
6.198605426
5.828160702
5.471072717
5.075499684
4.550458279
4.357465911
4.194763886
3.984302672
3.778947266
3.573284663
3.299916615
3.119250647
2.844715252
2.636151918
2.46044922
2.267603644
2.143535893
2.004602192
1.876297658
1.776465183
1.68941213
1.591456458
1.500521455
1.450104561
1.38415325
1.339354407
1.297317431
1.259504204
1.221013027
1.184099211
1.153316526
1.095863271
1.055348136
1.035672805
1.016768586
8.77356528
8.271118593
7.661901247
7.205721271
7.131429865
6.715119325
5.935670221
5.58328341
5.240878157
4.863849053
4.335606616
4.162666894
4.00896788
3.811249169
3.625543958
3.430523977
3.173820502
3.007841837
2.749551349
2.548487875
2.381013135
2.192246737
2.075037871
1.943700653
1.820852819
1.726457147
1.643790471
1.551325199
1.464077449
1.416483224
1.354771555
1.313375535
1.273430205
1.237428559
1.200477743
1.165295603
1.136064415
1.081873188
1.042759165
1.024075054
1.005911741
8.409616437
7.932637044
7.366271459
6.932000779
6.863747329
6.467263448
5.73133804
5.393015426
5.062039535
4.69941972
4.168663472
4.011283726
3.864595251
3.676776251
3.506387104
3.319636866
3.075864942
2.921299641
2.675500874
2.480285233
2.319206798
2.133625025
2.021753204
1.896339036
1.777736478
1.687555942
1.608324414
1.520127649
1.435771544
1.390361303
1.331936935
1.293193147
1.254869047
1.220288589
1.184498204
1.15066722
1.122657121
1.070997524
1.032974431
1.015061211
0.997477771
8.118135534
7.667519636
7.139319878
6.725008251
6.664010619
6.284228979
5.580213519
5.254673671
4.933406062
4.583412795
4.060839266
3.913567187
3.772647446
3.592826778
3.431958503
3.25133687
3.020376006
2.869538219
2.633019366
2.442200166
2.285586657
2.104949194
1.996162733
1.874139436
1.757830589
1.669984057
1.592436276
1.506868428
1.424012806
1.379486231
1.32303594
1.285613385
1.247870066
1.21374011
1.178079631
1.144609296
1.117009831
1.066361072
1.028628509
1.010995791
0.993561834
7.879591971
7.452160868
6.955667751
6.558328331
6.503864073
6.138040808
5.459396981
5.144698136
4.831507829
4.492158116
3.979046904
3.83953124
3.703358788
3.530095003
3.376265399
3.200550446
2.980779594
2.831566633
2.602766669
2.41544276
2.262353283
2.086368002
1.97978571
1.860141542
1.745425578
1.659202092
1.582757415
1.499103598
1.417234672
1.373202721
1.318229199
1.281657486
1.244184672
1.210255161
1.174524467
1.141174503
1.113755545
1.063647307
1.025975044
1.00848286
0.991089257
7.732604671
7.321891946
6.854186286
6.467794977
6.419460574
6.063200766
5.406466196
5.098753327
4.790036258
4.457399874
3.94513729
3.810846223
3.677980534
3.509812968
3.363002705
3.190314341
2.977661367
2.828873591
2.603048877
2.417240562
2.266464284
2.093320462
1.98794242
1.86944583
1.755172628
1.669762608
1.593651392
1.511266198
1.429542155
1.385430688
1.332342218
1.295900964
1.258128115
1.223998624
1.187937624
1.154277785
1.12666889
1.076610816
1.038058169
1.02044623
1.002794655
7.985213662
7.564240266
7.099224921
6.70310399
6.660009651
6.297426813
5.663747958
5.348563768
5.031036682
4.686152549
4.138914195
4.002542254
3.868719082
3.696701413
3.5565957
3.379459201
3.159465065
3.005198037
2.758673848
2.565173742
2.409256946
2.231388477
2.122251235
1.998213673
1.878500294
1.789060615
1.708910197
1.623466593
1.537231148
1.489949962
1.436649588
1.399418026
1.358453462
1.321402568
1.281619374
1.244918006
1.21519805
1.161878301
1.118673213
1.099660579
1.080117967

























