District Seven
60.00538281
55.23803351
50.54057413
47.12709741
45.65696868
41.9976146
32.08571306
29.67178457
26.9889488
24.60758128
12.81998506
12.61509206
12.08413373
11.43085961
11.38213064
10.71109237
9.226351708
9.937497701
8.741838176
7.919146646
7.356502538
6.103217541
5.87886394
5.592537976
5.309232078
5.143334896
5.007854037
4.705297641
4.52207859
4.471442596
4.461299006
4.421616397
4.376210765
4.323343649
4.273441521
4.236667946
4.203298781
4.146582736
4.096133386
4.070933698
4.048449369
25.09093174
23.53524023
21.62203367
20.20304825
19.90353533
18.6287592
15.8971591
14.91015851
13.94511149
12.9511523
10.89516593
10.44321782
10.06288008
9.590900512
9.067657283
8.586583922
7.889052927
7.545960555
6.915026139
6.424052855
6.009222861
5.561545897
5.252380957
4.899583499
4.586850701
4.340185516
4.126802203
3.869872271
3.647811667
3.520033584
3.387088498
3.268165861
3.165525064
3.07257308
2.982025683
2.893742232
2.819112222
2.674814652
2.580853294
2.532409613
2.488000313
16.42825953
15.42358242
14.17800864
13.21803363
13.02557208
12.19200836
10.46815971
9.811428054
9.183665111
8.511451454
7.364632376
7.01985496
6.753821533
6.415172745
6.056393775
5.722185868
5.24915661
4.970425626
4.521560573
4.187876743
3.904107272
3.591402094
3.386527119
3.15734546
2.952575258
2.788060042
2.648074845
2.482299108
2.338817836
2.255241907
2.156557938
2.078557445
2.011160892
1.950220082
1.890799288
1.832377161
1.783508314
1.688490532
1.626780528
1.594921806
1.56552589
13.3108537
12.52308859
11.51258437
10.71866249
10.57452666
9.91180289
8.600491486
8.065697851
7.563813352
7.013036883
6.249920561
5.94976705
5.722944822
5.431980767
5.116979958
4.83345286
4.437785351
4.174476042
3.801373638
3.523579916
3.285058473
3.03137089
2.854926315
2.659706866
2.484798932
2.343108492
2.222776267
2.082797543
1.959425511
1.887353584
1.799134431
1.732184266
1.674155131
1.621900521
1.571314184
1.521279021
1.47913649
1.397067178
1.343913198
1.316619435
1.291467985
11.59333735
10.90372389
9.990066501
9.333649648
9.219299822
8.654681056
7.545017469
7.085448006
6.65367774
6.179302412
5.602559623
5.34213606
5.142272373
4.885974046
4.592392756
4.341747589
3.995583894
3.763375696
3.435590385
3.187426107
2.973972674
2.755710267
2.596369782
2.419438216
2.260518265
2.132147485
2.022013168
1.896944442
1.783885576
1.717998372
1.635877173
1.57488408
1.521399216
1.473658828
1.42702433
1.381003334
1.342144845
1.266730362
1.217679942
1.192759415
1.169690961
10.51910567
9.893136453
9.065940575
8.483408609
8.382897084
7.87462175
6.892496744
6.474324426
6.078854845
5.644329343
5.115029429
4.883841306
4.701513596
4.466027033
4.210805847
3.979386888
3.667234034
3.456344289
3.152578623
2.921793468
2.724886652
2.518079672
2.373467506
2.213490061
2.068273925
1.951657484
1.851536766
1.738873689
1.635442012
1.575903717
1.499707599
1.444910263
1.396439109
1.353282254
1.310959724
1.269422354
1.234186826
1.166127192
1.121519608
1.09900162
1.078135297
9.859219857
9.267552041
8.492625939
7.954973134
7.861359305
7.387746555
6.490757219
6.098824021
5.72852589
5.315570496
4.807479304
4.596308516
4.425588307
4.20274675
3.974613076
3.757302077
3.466169662
3.268988182
2.972988442
2.75364511
2.567119952
2.366500973
2.23229136
2.083612265
1.947926472
1.839230385
1.746079912
1.641689072
1.545130416
1.490005067
1.417698435
1.368185217
1.323126532
1.28287195
1.242980514
1.204215365
1.171691985
1.108665563
1.066769786
1.045983613
1.026378715
9.129831021
8.597972913
7.923796871
7.431606561
7.352305111
6.915979709
6.093333047
5.727245166
5.375873585
4.994615901
4.486549286
4.299083898
4.140842174
3.939459786
3.740015721
3.537131583
3.269629453
3.091841454
2.829597342
2.621169642
2.446756134
2.253393229
2.128655909
1.991004672
1.862927868
1.761851044
1.674839041
1.578055098
1.486914881
1.435419418
1.369902724
1.324442748
1.282286541
1.244513968
1.206623112
1.170200204
1.139799005
1.081235585
1.041491736
1.022047271
1.003523917
8.660657982
8.161387157
7.542731755
7.079687177
7.007867207
6.59719506
5.829414731
5.481734191
5.145424865
4.782048817
4.269388711
4.101804957
3.952655395
3.763614303
3.584549672
3.392357262
3.14112857
2.977916355
2.731145948
2.530617145
2.364591143
2.175745369
2.058066456
1.928069873
1.805629296
1.710058711
1.627692561
1.536415279
1.449109192
1.40057738
1.339281537
1.297184303
1.257199791
1.22131861
1.185038301
1.15037702
1.121547121
1.066395828
1.028092975
1.009649645
0.991890189
8.295651397
7.821738082
7.246485135
6.806101464
6.740138836
6.349402447
5.62429394
5.29092701
4.966357448
4.616878146
4.100632753
3.948468156
3.806408052
3.626966079
3.463766426
3.279883112
3.041294966
2.889415196
2.654555138
2.46018355
2.300673209
2.115361206
2.003178479
1.8791434
1.761077647
1.669792073
1.591050351
1.504046734
1.419739775
1.373512939
1.315497438
1.276012267
1.237718916
1.203308947
1.168259114
1.134968948
1.107360058
1.054860451
1.017688417
1.000033965
0.982864219
8.005342765
7.557512651
7.020205623
6.600131614
6.541174114
6.167139096
5.473188583
5.152684057
4.837992957
4.500688827
3.992084325
3.850016812
3.713704495
3.541939838
3.388470642
3.210734822
2.984887179
2.836793915
2.610823266
2.420977029
2.265971547
2.085672112
1.976664427
1.855998841
1.740326335
1.651384479
1.574496132
1.490095982
1.407347071
1.3621045
1.306056921
1.26787299
1.230200308
1.196280855
1.161441
1.128551361
1.101363158
1.049954267
1.013092735
0.995721756
0.978716399
7.768338689
7.343382529
6.837512453
6.434610854
6.381977118
6.021879727
5.352619267
5.043004935
4.73650071
4.409449087
3.909955614
3.775624008
3.644018127
3.478549747
3.332218469
3.159388808
2.94471056
2.798321521
2.579718713
2.393447176
2.241965157
2.066326778
1.959592856
1.841295086
1.727285259
1.639976083
1.564310359
1.481818303
1.400093921
1.355426733
1.300840649
1.263477448
1.226125178
1.192446195
1.15759604
1.12484687
1.097869029
1.047070757
1.010279487
0.993051904
0.976098837
7.622600708
7.214023372
6.73601106
6.344268342
6.297523904
5.94695912
5.299016449
4.996398223
4.694507029
4.373866748
3.874900456
3.745903156
3.617593373
3.456950303
3.317787611
3.147963423
2.940502391
2.794618074
2.578959906
2.394222911
2.244984113
2.072115827
1.966605504
1.849424271
1.735906885
1.64937074
1.574147982
1.492860588
1.411317954
1.366632332
1.313793414
1.276570628
1.238968392
1.205129361
1.169999019
1.136979896
1.1098121
1.059123956
1.021532318
1.00420099
0.987012946
7.864315263
7.446699011
6.971727513
6.571097319
6.529652867
6.173255032
5.547516215
5.237686874
4.927166068
4.594987398
4.061534974
3.930856499
3.801588424
3.63739512
3.50567701
3.331284062
3.1172519
2.965937381
2.731550391
2.53903138
2.38452134
2.206707526
2.097337396
1.974645161
1.855717168
1.764800897
1.685878674
1.60148841
1.515471498
1.467667164
1.414399112
1.376135785
1.335431894
1.29881147
1.260169139
1.224258523
1.195039776
1.141140047
1.099146082
1.080473926
1.061491996